# q qerr I(q) I(q)err
3.001749291795529316e-03 1.167853270244704247e-04 1.384233333333333348e+03 9.335336372760898485e+02
3.216946015612575076e-03 6.406021311444656113e-05 2.347536231884057997e+03 9.697198212994544519e+02
3.430819248455692968e-03 7.252053699931147659e-05 1.814540229885057443e+03 4.547713098319503047e+02
3.672101494117159613e-03 7.545375631879780269e-05 1.344545454545454504e+03 2.332942627659020900e+02
3.918307832378639319e-03 7.374016049620304720e-05 1.089803738317757052e+03 1.443259124098134691e+02
4.147718136434350687e-03 6.107192035677698103e-05 9.132421052631578959e+02 1.013878781129916291e+02
4.365502826808959243e-03 6.779080658174564808e-05 7.982710280373831893e+02 8.938185494082742366e+01
4.594999596112334626e-03 7.420628290313399807e-05 6.920650406504065586e+02 7.157880100828825221e+01
4.835936192065706969e-03 7.320149930589021881e-05 6.141031746031745797e+02 6.611436471347479937e+01
5.080814687701338921e-03 7.653000632488168636e-05 5.526041666666666288e+02 6.123650881275051461e+01
5.317078266608570546e-03 6.172106439101172914e-05 5.030000000000000000e+02 5.146717321457617089e+01
5.551471060931053268e-03 7.668524467813574576e-05 4.554382716049382793e+02 4.450907252415881743e+01
5.788366925541485984e-03 6.194770960560404868e-05 4.235925925925926094e+02 3.943284823456532706e+01
6.009776342023025880e-03 6.950277321810145736e-05 3.895225806451612698e+02 3.326183452240790217e+01
6.247094567316056890e-03 7.317752475420629581e-05 3.643801169590643099e+02 3.122645756617743729e+01
6.480842620397410207e-03 6.691741107424957404e-05 3.424779874213836592e+02 3.252963341260498709e+01
6.718305882023165379e-03 7.577205940640407739e-05 3.247959183673469283e+02 2.835153170942833967e+01
6.954283760887284942e-03 6.032943043655961634e-05 3.088343558282208505e+02 2.650794092888978071e+01
7.176272274730767682e-03 6.864708281211200774e-05 2.947393617021276668e+02 2.376536099939188418e+01
7.411440332622126065e-03 7.201436331295212967e-05 2.851000000000000227e+02 2.344771843911471265e+01
7.640547325048651327e-03 6.719666067278881421e-05 2.786329787234042783e+02 2.457016748774284309e+01
7.880909625388352394e-03 7.780078248694467205e-05 2.733813559322034052e+02 2.047311789760651379e+01
8.119534573631228755e-03 6.182975050629921810e-05 2.723036649214659519e+02 2.165782098792264421e+01
8.341212846027333885e-03 7.037901862628595019e-05 2.718219178082191547e+02 1.977335931025530513e+01
8.584257463478678699e-03 7.672081168970473167e-05 2.765856573705179358e+02 2.071217033763571180e+01
8.826919166718070683e-03 6.518131950376178396e-05 2.831552511415525260e+02 2.071064807995906776e+01
9.051576779129599792e-03 7.018745924619574326e-05 2.895000000000000000e+02 1.775663021709543443e+01
9.278754197832399936e-03 6.574873290523112796e-05 3.062555066079295329e+02 2.151092705864249410e+01
9.511181178050998053e-03 7.470724405325664997e-05 3.232611940298507420e+02 2.119498828503479615e+01
9.756331684265373561e-03 7.268311501543828993e-05 3.531666666666666856e+02 2.235791902682081300e+01
9.992460030236703650e-03 6.501341219802315996e-05 3.936865079365079509e+02 2.653463748850755266e+01
1.021767907988490980e-02 6.882116667024825156e-05 4.549213483146067460e+02 3.843220938013655541e+01
1.044627826021552429e-02 6.776641009522302674e-05 5.981969696969697452e+02 8.363548150885262089e+01
1.067941769640304468e-02 7.427835917673683769e-05 1.079026755852842825e+03 2.907030275207487193e+02
1.092103363594707117e-02 6.948634926740279217e-05 2.022058219178082254e+03 3.502277442426645280e+02
1.115205959515964615e-02 6.613677834257579403e-05 2.562766784452296633e+03 2.050823102408012915e+02
1.138090927839274270e-02 7.036315799772670850e-05 2.258796052631578732e+03 3.001488783619885794e+02
1.161908717993895106e-02 7.230519164610463203e-05 1.344734177215189902e+03 3.306138250010816932e+02
1.185129732832000682e-02 6.908715592862023315e-05 7.742532467532467990e+02 1.196227905249957644e+02
1.208558089049110301e-02 7.062077464939989495e-05 6.051162079510703506e+02 4.211425773178383736e+01
1.231793957662911075e-02 6.797072397413507841e-05 5.436993670886075734e+02 2.482407335329364528e+01
1.255104362664789287e-02 7.284146348496770690e-05 5.104224137931034306e+02 2.451162799278980486e+01
1.278854709885444453e-02 6.836902354776895477e-05 4.800813253012047994e+02 2.347318936793459443e+01
1.301955791686103432e-02 7.052250088700313892e-05 4.579573863636363740e+02 2.287877627683832316e+01
1.325028003696187423e-02 6.572913682214379116e-05 4.373584337349397515e+02 2.231791819026183887e+01
1.348330464865910884e-02 7.403947498893654331e-05 4.209394736842105544e+02 2.132607419201230670e+01
1.372355777471481568e-02 7.011324266142941383e-05 4.056675749318800968e+02 2.052851487403735220e+01
1.396363525470880468e-02 7.100822662538032210e-05 3.907371134020618797e+02 2.032125510321975526e+01
1.419611930545690293e-02 6.442105916470620042e-05 3.819859550561797619e+02 1.956255564879452180e+01
1.442295386479172138e-02 6.909816387485589995e-05 3.763236842105263236e+02 2.107627192430261687e+01
1.465427040331478310e-02 7.032050413528805792e-05 3.813350383631713498e+02 1.969436837811145224e+01
1.488826669148199562e-02 6.870854531503662287e-05 3.991746835443037753e+02 2.336513260324144881e+01
1.512493372137564684e-02 7.038106039296808131e-05 4.848150851581508505e+02 5.909312131506612786e+01
1.535996817115549591e-02 6.948886920014566576e-05 7.632696078431372371e+02 1.556092990563437297e+02
1.559107684366512793e-02 6.926322144844645774e-05 1.209117500000000064e+03 1.608441372493880976e+02
1.582030048556574975e-02 6.778990216657608829e-05 1.393741602067183521e+03 1.120077505371144184e+02
1.604934829520379691e-02 6.632072085052491666e-05 1.131633507853403216e+03 1.777246555933597563e+02
1.628904364851086611e-02 7.370425539511840857e-05 6.551258907363420576e+02 1.585287422606998575e+02
1.652925296731121152e-02 6.866669088367037858e-05 3.998891752577319494e+02 5.111403573129955902e+01
1.676290647126136429e-02 6.841736000850834820e-05 3.276368286445012927e+02 2.395904788787553841e+01
1.698898227523908816e-02 6.513545783602395407e-05 2.996846361185984051e+02 2.066455140580651673e+01
1.721559450095504207e-02 6.815141817037284600e-05 2.857157622739018166e+02 1.853500421978366219e+01
1.745425431013439971e-02 7.361591577158020986e-05 2.778266033254157037e+02 1.612629553587573383e+01
1.769237993647997109e-02 6.752629516254465077e-05 2.711217616580310619e+02 1.678918345998958728e+01
1.792581344598703774e-02 6.995690167491317953e-05 2.639506172839506348e+02 1.569626541750293569e+01
1.815810556613557669e-02 6.785108792352181407e-05 2.612813299232736313e+02 1.597523139115452473e+01
1.839232362436072146e-02 7.095327149885457684e-05 2.602371638141809171e+02 1.660192879726138315e+01
1.863037138017983527e-02 7.115596482089993704e-05 2.720598086124401789e+02 1.856139203148983796e+01
1.886280557207787104e-02 6.449751950033663162e-05 3.228668407310705106e+02 3.559069155881218904e+01
1.909573960115521288e-02 7.170118321703184772e-05 4.272284382284382218e+02 5.105846645253340910e+01
1.933100079269604518e-02 6.740791281490355268e-05 4.872297979797979792e+02 4.082629247218992674e+01
1.956643258492160933e-02 7.263834258317552345e-05 4.298018433179723274e+02 4.939250209821597082e+01
1.980140115393233882e-02 6.562685565221032481e-05 3.066491228070175339e+02 4.455785364661831238e+01
2.002553894851007155e-02 6.516318768203393532e-05 2.365681818181818130e+02 2.357106851397970360e+01
2.025791866108470757e-02 7.136486459924699065e-05 2.097459954233409576e+02 1.557417855710652788e+01
2.049506424590396420e-02 6.900197405484374000e-05 2.042243436754176571e+02 1.398406321343996872e+01
2.073118625762118000e-02 7.052247030088847036e-05 1.994678899082568932e+02 1.523922527683504313e+01
2.096357000287297698e-02 6.647394664901699988e-05 2.007198067632850211e+02 1.492414130524107563e+01
2.119430833328746558e-02 6.961349209216719826e-05 2.045420560747663501e+02 1.539653324909501109e+01
2.143145413784678169e-02 7.298555940605846982e-05 2.139496717724288715e+02 1.507398182492172545e+01
2.167047737296409413e-02 6.691391229536730319e-05 2.386908665105386547e+02 1.956002502631870854e+01
2.189928641736541004e-02 6.715504648428360229e-05 3.029533799533799652e+02 4.001916851255091245e+01
2.212935186570120366e-02 6.857374351609249376e-05 4.122984054669703937e+02 5.082804562065813769e+01
2.236393702227972707e-02 6.998460737683496991e-05 4.675089686098654624e+02 4.775584797599362474e+01
2.259777835583483968e-02 6.986464902764970590e-05 4.152212389380530908e+02 4.271833810034753753e+01
2.283319440761695171e-02 6.790936196889400258e-05 3.199103139013453188e+02 3.585434919519055796e+01
2.306264206423920202e-02 6.694360958493462607e-05 2.727704545454545269e+02 1.827707122721330180e+01
2.329708818082978222e-02 7.159338094189254982e-05 2.638853503184713531e+02 1.668578696878124035e+01
2.353543375433993223e-02 6.985578503684801541e-05 2.668910675381263786e+02 1.631227430211024654e+01
2.377007062717483368e-02 7.009305664980517553e-05 2.748614072494669358e+02 1.738224794009349239e+01
2.400302358301376407e-02 6.597292527615178370e-05 2.911280898876404422e+02 1.818449932372593381e+01
2.423507457935474702e-02 7.157919103467260530e-05 3.200888429752066031e+02 2.514771519923472809e+01
2.447096161315339205e-02 6.736211404920262771e-05 4.170239651416122229e+02 5.518923200892975700e+01
2.470427111069508144e-02 6.982655739072169126e-05 6.128981288981289026e+02 8.288570025365210370e+01
2.493809997853204188e-02 6.775469533352249248e-05 7.617441364605543868e+02 6.059497189889594182e+01
2.517118618717203993e-02 6.980743985615223796e-05 6.993382978723403767e+02 7.194428324303157751e+01
2.540636145408604191e-02 6.938193712001703524e-05 4.937933333333333508e+02 7.915211197201016091e+01
2.563827354025385516e-02 6.629623788449823620e-05 3.537219626168224522e+02 3.846043104118667344e+01
2.586948195348701476e-02 6.770189532135148904e-05 3.063833718244803777e+02 1.962787429997722199e+01
2.609745587984336687e-02 6.509333995869156359e-05 2.906446078431372371e+02 1.751302825581475275e+01
2.633484837400032474e-02 7.348807666944635701e-05 2.866233480176211401e+02 1.731028162421858241e+01
2.657557098811626564e-02 6.881179166339853475e-05 2.967928571428571445e+02 2.001081680281057729e+01
2.680365379537597362e-02 6.422825624438124588e-05 3.385229591836734926e+02 2.975427924662345447e+01
2.703234577850367401e-02 6.946685782169436285e-05 4.519738717339667460e+02 5.972988856337248365e+01
2.726970666685900324e-02 6.993093227310868997e-05 5.816389548693587130e+02 5.387702104701285322e+01
2.750750127458209335e-02 6.961999393279447927e-05 5.673500000000000227e+02 4.958453339884278677e+01
2.774064166089718064e-02 6.699331928476430444e-05 4.291194029850746006e+02 5.935376251364878186e+01
2.797286317169397213e-02 6.855334754057274232e-05 3.116666666666666856e+02 3.834161249042627162e+01
2.820747942598401947e-02 7.000105603626221500e-05 2.621456310679611761e+02 1.812787692380273086e+01
2.843871508024181996e-02 6.660692948204320466e-05 2.429743589743589780e+02 1.526708525476293232e+01
2.867376841695860532e-02 7.113061539282546195e-05 2.333696682464454852e+02 1.608005015066400389e+01
2.890771417331186935e-02 6.480505975226419921e-05 2.276178010471204232e+02 1.551488195839898410e+01
2.913907964587559782e-02 7.035121785828480224e-05 2.215563725490196134e+02 1.488273277370568159e+01
2.937603130710666338e-02 7.051255909955699420e-05 2.209605911330049253e+02 1.557046038415482236e+01
2.960814043237767687e-02 6.584026763423021398e-05 2.169973753280839901e+02 1.404137070264408038e+01
2.983961579365264002e-02 6.983920439112704980e-05 2.163789731051344631e+02 1.521489411043369344e+01
3.007086711816524260e-02 6.649470887843013508e-05 2.167005347593582769e+02 1.507531541407044884e+01
3.030849094681176484e-02 7.199344525738288452e-05 2.169427083333333428e+02 1.579554280911386499e+01
3.054989504902336575e-02 6.904743658252054722e-05 2.191086350974930497e+02 1.533124250809594713e+01
3.078165236014722417e-02 6.430462589111944952e-05 2.229723926380368084e+02 1.650726963172342465e+01
3.100904415161786359e-02 6.891371557748558090e-05 2.361386430678466013e+02 1.704761875073582544e+01
3.124378004707335788e-02 6.802347259085625550e-05 2.679603658536585158e+02 2.438639946835816019e+01
3.148005278710188509e-02 6.963790735804129299e-05 3.102372372372372524e+02 2.603084884474696281e+01
3.171371101549351479e-02 6.491098522060580905e-05 3.181136363636363740e+02 2.321980907863305887e+01
3.194253270530488659e-02 6.643720727097939297e-05 2.873901639344262549e+02 2.286782840412379514e+01
3.217772739409639066e-02 7.207253078604244857e-05 2.569938271604938222e+02 1.711372468148615411e+01
3.241258335410790448e-02 6.484611046219248903e-05 2.478257839721254356e+02 1.575765009526050342e+01
3.264445272271138121e-02 7.067815627986795619e-05 2.530544871794871824e+02 1.533547172294203165e+01
3.288009324972624575e-02 6.514072171913584642e-05 2.794210526315789593e+02 2.300228018726581070e+01
3.311251835395861987e-02 6.923154512368420417e-05 3.545306122448979522e+02 4.044286114203445237e+01
3.334620240946842284e-02 6.906008769013418584e-05 4.644861111111110858e+02 4.939405154791315056e+01
3.358123372194379841e-02 6.790165455744005493e-05 5.058607142857142662e+02 3.851759470736479329e+01
3.381409346726198945e-02 6.946853510284985394e-05 4.432676056338028161e+02 4.450142146714761537e+01
3.405235163866184023e-02 6.660978410321308902e-05 3.470699300699300807e+02 3.612621964590876900e+01
3.428443415797702287e-02 7.014504093919582688e-05 2.948553459119497120e+02 1.956509866360366701e+01
3.451790515064617759e-02 6.752790833138901940e-05 2.855031645569620196e+02 1.858188344611663112e+01
3.475058674309065149e-02 6.860561414856442648e-05 3.012935779816513673e+02 2.115423989946188144e+01
3.498255247524993672e-02 6.949851211445105619e-05 3.547194029850746233e+02 3.474789130436902695e+01
3.521787450520567214e-02 6.928285379750772884e-05 4.230672514619882918e+02 3.797215509780095744e+01
3.545148567192742128e-02 6.819735758945621247e-05 4.265204678362572963e+02 3.022962206630903736e+01
3.568299999600531985e-02 6.771859016455015492e-05 3.672347826086956388e+02 3.380743496784737800e+01
3.591626020472690056e-02 6.847219215976182126e-05 3.095897435897435912e+02 2.529081636980178160e+01
3.615098875833893527e-02 7.052968595604587306e-05 2.838980716253443575e+02 1.798186465675299672e+01
3.638614682571900127e-02 6.820923678434241515e-05 2.818192090395480136e+02 1.830348741025376569e+01
3.661805186382561389e-02 6.907515541028400551e-05 3.073911845730027608e+02 2.315344924742123212e+01
3.685317606104113880e-02 6.904996252045599340e-05 3.566141304347826235e+02 2.926322725133911362e+01
3.708883642168768480e-02 6.873622836593106498e-05 3.762891891891891873e+02 2.745031609850717302e+01
3.732239511597464088e-02 6.812675490547725891e-05 3.394823848238482356e+02 2.872567277043838985e+01
3.755463123269808107e-02 6.778877579542675561e-05 2.845788043478260647e+02 2.575861471969878735e+01
3.778670279175407737e-02 6.944847979951479207e-05 2.513899204244031864e+02 1.710732788666450332e+01
3.802298536488796232e-02 7.020534180361206209e-05 2.404623376623376600e+02 1.683689256533211065e+01
3.825885045270431550e-02 6.844491048717255130e-05 2.457506561679790025e+02 1.617417199965261076e+01
3.849029289296715395e-02 6.652498920162236353e-05 2.579200000000000159e+02 1.770405000746062996e+01
3.872248042820892328e-02 6.790361104831614330e-05 2.640777202072538898e+02 1.856522922149374466e+01
3.895386220490307250e-02 6.719082682281010037e-05 2.495963060686015922e+02 1.874033303197270328e+01
3.918674717410664671e-02 7.000314829290660062e-05 2.301772151898734080e+02 1.625958507200191860e+01
3.942407118577949399e-02 7.012279782529274620e-05 2.208957816377171355e+02 1.498158659817328342e+01
3.965683877455637024e-02 6.593437650155711338e-05 2.223272727272727138e+02 1.417910396937204531e+01
3.988742774945142761e-02 6.864886435371258416e-05 2.388908188585608059e+02 1.757593146521863403e+01
4.012278533538721215e-02 6.997066240485112700e-05 2.629685990338164174e+02 2.081605430612486529e+01
4.035757945334737112e-02 6.763234382336403173e-05 2.694009900990099027e+02 1.870844838767780871e+01
4.059262090047784100e-02 7.047756166092368556e-05 2.493691588785046633e+02 1.864342246116830992e+01
4.082512016076288858e-02 6.496092607463988043e-05 2.270755667506297186e+02 1.655300687747462263e+01
4.105717491102069128e-02 7.111181249420595236e-05 2.224168564920273354e+02 1.573290243243870457e+01
4.129381576814993016e-02 6.732684386414472533e-05 2.432047619047619094e+02 1.969478993457135729e+01
4.152473579130346731e-02 6.726668318915885337e-05 2.921556603773585152e+02 2.725871342754768989e+01
4.175787959977999425e-02 6.911235940839533670e-05 3.296917808219178028e+02 2.587549581250334541e+01
4.199237839299468922e-02 6.860112016482474860e-05 3.073179723502304341e+02 2.583951880802846901e+01
4.222717975068539242e-02 7.045110183040372183e-05 2.521946902654867131e+02 2.876834012743588787e+01
4.246249924109424950e-02 6.709506009279194230e-05 2.103638443935926716e+02 1.825383647245030971e+01
4.269335040669582776e-02 6.700621335665329654e-05 1.938063781321184535e+02 1.504271431725131514e+01
4.292717084091476204e-02 6.896437123237502613e-05 1.852278761061946852e+02 1.459139313506607927e+01
4.316007288560289035e-02 6.735835804845247382e-05 1.787676537585421386e+02 1.300018120927935072e+01
4.339440191910803879e-02 7.037245596857638261e-05 1.758506493506493484e+02 1.254244270264897487e+01
4.363144753970988471e-02 6.826143681517027339e-05 1.740487804878048905e+02 1.287746924718981667e+01
4.386107962274469335e-02 6.624164794214468591e-05 1.725756880733945025e+02 1.333281441875227102e+01
4.409573705596323001e-02 7.170940769140793695e-05 1.739517819706499040e+02 1.313993726370566684e+01
4.433534367545302612e-02 6.775590854826653211e-05 1.774714912280701640e+02 1.473278811981350245e+01
4.456682912223779158e-02 6.610492296161660122e-05 1.827343750000000000e+02 1.555635815407504552e+01
4.479780304487864656e-02 6.786442677967826091e-05 1.842253829321662977e+02 1.335314081681846687e+01
4.503013318854280633e-02 6.853635641818868680e-05 1.805098039215686185e+02 1.266229849743207936e+01
4.526436263630335272e-02 6.918514626283685297e-05 1.806809421841541621e+02 1.354302694599721768e+01
4.549984770861909000e-02 6.833630877532204714e-05 1.886595289079229190e+02 1.522532578423592042e+01
4.573057769171592901e-02 6.540293680537103750e-05 2.127951002227171386e+02 1.860789546248554061e+01
4.596282480080345761e-02 6.990247096589263711e-05 2.374581589958158929e+02 1.942705061732482363e+01
4.619732296389236076e-02 6.786250507108923557e-05 2.342987012987013031e+02 1.719213287325835182e+01
4.643258444511101646e-02 7.033191385126720280e-05 2.080618556701030855e+02 1.877386899612446314e+01
4.666845704786030252e-02 6.692058153033048496e-05 1.862435344827586334e+02 1.509850730075851644e+01
4.689934413756127740e-02 6.802189408205146866e-05 1.801889596602972290e+02 1.312898379939857030e+01
4.713438507358027468e-02 6.944147399833233919e-05 1.897747933884297424e+02 1.498471861216619772e+01
4.736795136815064727e-02 6.656957436849283657e-05 1.953511777301927168e+02 1.406894601717610449e+01
4.759859747438226207e-02 6.769763208725077138e-05 1.875578947368421154e+02 1.544121046451405554e+01
4.783274694655795245e-02 6.928267493286968941e-05 1.722680412371134082e+02 1.384341167356287094e+01
4.806634396749334681e-02 6.807281927440189521e-05 1.637301255230125605e+02 1.376292973806368991e+01
4.830248047396420996e-02 6.966332651828869844e-05 1.641955645161290249e+02 1.323410685642220130e+01
4.853643200824572096e-02 6.606102041943429451e-05 1.700232558139534831e+02 1.267121785912986631e+01
4.876414520816241271e-02 6.613248851928526920e-05 1.687324840764331100e+02 1.295484772471306201e+01
4.899792577344610350e-02 7.109046729717630826e-05 1.587960396039603950e+02 1.352656265519714296e+01
4.923470399315162116e-02 6.843725681761876167e-05 1.510720164609053597e+02 1.277468170545061277e+01
4.947209300203903731e-02 7.062440267994869150e-05 1.477025440313111631e+02 1.242846373592516152e+01
4.970767414357019076e-02 6.568520737628115111e-05 1.493068893528183594e+02 1.256525299331408263e+01
4.993955421601320444e-02 6.870069007268534431e-05 1.501643286573146270e+02 1.232400669585967279e+01
5.017343134654914799e-02 6.784437425331957467e-05 1.464242424242424363e+02 1.216679811745786921e+01
5.040364307755263590e-02 6.549987049623397846e-05 1.404261954261954202e+02 1.156110549903356244e+01
5.063525219032424807e-02 6.906177440634427543e-05 1.406383399209486242e+02 1.173517520305311912e+01
5.087248401921887209e-02 6.982607771126056830e-05 1.483039215686274588e+02 1.286842892115758552e+01
5.110824603904627617e-02 6.828347019243583200e-05 1.546926147704590733e+02 1.308969176557670977e+01
5.134041616444540157e-02 6.749734166748146504e-05 1.532319999999999993e+02 1.279361715856779824e+01
5.157233759481640728e-02 6.701141620730611365e-05 1.409318637274548962e+02 1.268112188117646255e+01
5.180603234918396832e-02 6.902301690403682475e-05 1.319961013645224170e+02 1.124683089901940392e+01
5.204093912643181080e-02 6.858285367200194556e-05 1.298919449901768246e+02 1.084675799385734685e+01
5.227550176404114485e-02 6.841128413638082530e-05 1.295555555555555429e+02 1.186573869673298809e+01
5.250874134631969281e-02 6.710124584087647154e-05 1.276074950690335328e+02 1.156496946666547210e+01
5.273983379343173683e-02 6.699865505256583098e-05 1.224035785288270404e+02 1.282792346995598365e+01
5.297309563147201833e-02 7.004200559247158596e-05 1.176110056925996190e+02 1.071706748285284760e+01
5.320870841843343413e-02 6.736639692893721994e-05 1.138806262230919799e+02 1.094422783693911505e+01
5.344158726524587955e-02 6.810737650478912789e-05 1.126743737957610847e+02 1.040181579165600390e+01
5.367526270033567970e-02 6.805918753122887452e-05 1.114605009633911408e+02 1.109065818516552504e+01
5.391026527670270824e-02 6.883326900963864436e-05 1.106825095057034218e+02 1.066341793814228467e+01
5.414369868353056253e-02 6.749358219613563344e-05 1.111445086705202243e+02 1.066365320737372890e+01
5.437486949081267451e-02 6.641570492905651368e-05 1.138696498054474660e+02 1.061477351175140171e+01
5.460633195359332337e-02 6.803263502740879241e-05 1.160361216730038052e+02 1.069365593261286840e+01
5.484155575107002578e-02 6.931669974032373370e-05 1.155149812734082388e+02 1.077475332591162704e+01
5.507758596231705078e-02 6.905344121730599505e-05 1.131369606003752324e+02 1.061364292804675458e+01
5.531123208233620220e-02 6.772891677133621323e-05 1.112140151515151558e+02 1.087271661007550883e+01
5.554365515600671876e-02 6.719762712666427933e-05 1.134952380952380935e+02 1.100257401341317376e+01
5.577734969999190856e-02 6.950070055363419556e-05 1.155138121546961258e+02 1.100536954338025986e+01
5.601099427749139242e-02 6.700515619549475674e-05 1.164209523809523859e+02 1.109168633116417801e+01
5.624621814925619134e-02 7.010497752434535551e-05 1.143790613718411606e+02 1.047489487753746751e+01
5.648196424828423601e-02 6.688681858197991978e-05 1.159303201506591279e+02 1.065733632939770992e+01
5.671540211382259528e-02 6.857993554508776460e-05 1.213793738489871146e+02 1.181200409803843421e+01
5.695057597478152267e-02 6.911508132478911160e-05 1.245945454545454538e+02 1.185665736904554990e+01
5.718334936048233286e-02 6.546013463055807180e-05 1.202941176470588260e+02 1.096360252936606905e+01
5.741421041024297178e-02 6.793445858109002969e-05 1.127116788321167888e+02 1.149302842748011066e+01
5.764613918380164653e-02 6.637197386990278968e-05 1.065749063670411942e+02 1.026986780542885391e+01
5.788167249397389164e-02 7.061552392955100337e-05 1.055774647887323994e+02 1.051224713434425873e+01
5.811737136754223376e-02 6.704761694123777174e-05 1.039463955637707926e+02 1.091636766206122289e+01
5.834837921127641880e-02 6.699294913716081861e-05 1.006544117647058840e+02 9.758262319651738181e+00
5.858116591208732682e-02 6.832957605342608631e-05 9.641546762589928221e+01 9.837478112930151397e+00
5.881666226357543104e-02 6.848621822711322728e-05 9.416994633273702675e+01 9.179099016581760750e+00
5.905135363872197202e-02 6.777347974127791586e-05 9.238447653429602724e+01 9.130570202827046344e+00
5.928387195222793726e-02 6.772469370990553635e-05 9.169064748201438420e+01 9.544526663722598059e+00
5.951647621897535045e-02 6.683838279782646321e-05 9.182940108892921671e+01 8.878877758038616008e+00
5.974911582084686118e-02 6.869520850335110538e-05 9.401592920353982663e+01 9.778328264958949134e+00
5.998323909506843993e-02 6.775808722689177679e-05 9.627728085867620678e+01 9.536325311314989506e+00
6.021684065425213228e-02 6.821508261215899929e-05 9.774513274336283075e+01 9.525842284807275462e+00
6.045118304879574384e-02 6.844978444519072473e-05 9.344542253521126440e+01 9.241074254775009322e+00
6.068596061100132305e-02 6.815720570038588807e-05 9.033038869257950410e+01 9.579640854970110198e+00
6.092170969789185986e-02 6.974114108008298168e-05 8.954202401372212705e+01 9.153003091027148486e+00
6.115588848048909842e-02 6.553171796432443320e-05 8.913718411552346765e+01 9.317573086131790916e+00
6.138574783689496051e-02 6.713556217832948266e-05 8.687170474516696572e+01 9.106912933756804662e+00
6.161712726612254831e-02 6.659023579644488087e-05 8.266252220248668436e+01 8.732917020187645818e+00
6.184947732418764887e-02 6.842032557768410134e-05 7.883188908145579887e+01 8.643881149949869780e+00
6.208512874242018420e-02 6.932646695378516153e-05 7.740170940170939673e+01 8.597753632279042435e+00
6.232030440033373142e-02 6.786811594346220963e-05 7.508188153310103985e+01 8.627223083645047197e+00
6.255454887890503357e-02 6.903232039090102389e-05 7.499488926746167294e+01 8.763403417044283827e+00
6.279030404341265359e-02 6.817541082358109035e-05 7.359106529209621783e+01 8.332467096367460968e+00
6.302442562177140717e-02 6.783890935135950873e-05 7.415068493150684503e+01 8.455452404291033730e+00
6.325799215551787535e-02 6.707804214318665616e-05 7.326161790017211217e+01 8.372717732760694531e+00
6.349026508375751887e-02 6.699336420408434482e-05 7.212780656303972648e+01 8.486367216512773481e+00
6.372409184272515015e-02 6.892879157383024775e-05 7.218425460636515822e+01 8.708177508763295549e+00
6.395793742953777283e-02 6.642518885272369008e-05 7.376949740034662284e+01 8.834322605350177326e+00
6.419031457975818422e-02 6.826620328541081642e-05 7.335008375209380915e+01 8.822195112268572004e+00
6.442283327309653029e-02 6.576027226970875277e-05 7.130329289428075867e+01 8.754620175265351634e+00
6.465485140213383941e-02 6.860083938040020173e-05 7.001839464882942821e+01 8.600460442437134034e+00
6.489057688868674068e-02 6.918162283112673440e-05 6.880298013245032962e+01 8.338290121213091766e+00
6.512677614053768993e-02 6.800662934234975800e-05 6.843048576214405898e+01 7.777129598946685540e+00
6.535916383847417688e-02 6.723036061670840198e-05 6.707251264755480236e+01 8.128910211646429573e+00
6.559238943166004199e-02 6.775429361515336514e-05 6.593500000000000227e+01 7.705668908883467338e+00
6.582758612999557724e-02 6.859118299963685495e-05 6.603940886699507473e+01 7.689488442402664603e+00
6.606077625847779633e-02 6.646968386304463305e-05 6.515851602023609246e+01 7.653571949887491677e+00
6.629499012582010242e-02 6.873985157622226514e-05 6.368241042345276526e+01 7.847358156567977971e+00
6.652802461243248477e-02 6.667147267887053093e-05 6.151932773109243868e+01 8.277340442723463809e+00
6.676018753795931460e-02 6.790988101603729471e-05 6.000164203612479241e+01 7.974816684377469045e+00
6.699409877892320564e-02 6.752760488477305384e-05 5.890311986863711269e+01 7.600253559865617348e+00
6.722746570366622265e-02 6.715296906548569008e-05 5.815599343185549941e+01 7.237506830317507855e+00
6.746032149556230317e-02 6.698676487551811836e-05 5.682343234323432313e+01 7.378379204915775702e+00
6.769235389026706518e-02 6.820371575645631246e-05 5.631433224755700451e+01 7.685453941955773693e+00
6.792641117254087646e-02 6.820173351531172944e-05 5.517723577235772581e+01 7.566599534452245202e+00
6.816107073590284282e-02 6.878058967958357989e-05 5.472596153846154010e+01 7.670170470038310206e+00
6.839600153518463066e-02 6.745423942297350728e-05 5.331766612641815328e+01 7.315871060685648075e+00
6.862947544649959652e-02 6.741836193410811529e-05 5.371035598705501712e+01 7.386560006802468159e+00
6.886076050521675040e-02 6.695139243677821319e-05 5.280587275693311256e+01 7.533796039068906047e+00
6.909448405671331228e-02 6.857937925099385861e-05 5.135453100158982664e+01 6.886231293465375991e+00
6.933147198058889349e-02 6.945851940459737387e-05 4.925665101721439498e+01 7.055909728985345630e+00
6.956615814272766596e-02 6.659838482515636180e-05 4.770243902439024453e+01 6.928232424011076418e+00
6.979892421020185422e-02 6.845449894488580623e-05 4.710551181102362506e+01 6.868968933214679495e+00
7.003324628087082004e-02 6.708437855477542738e-05 4.659424920127795389e+01 6.692651726685459934e+00
7.026696723216839524e-02 6.749325677359571186e-05 4.504905063291139555e+01 6.564013958098247947e+00
7.049943687314187690e-02 6.712218498041330988e-05 4.533386581469648746e+01 6.686087303899974188e+00
7.073256586487845776e-02 6.824893734348157486e-05 4.432653061224489477e+01 6.551379851932699339e+00
7.096739529320396367e-02 6.805665211298504431e-05 4.386562500000000142e+01 6.261278495518107334e+00
7.119963565831700925e-02 6.604383357070072315e-05 4.405608974358974450e+01 6.463543342936781677e+00
7.143251491571993295e-02 6.833023575511234995e-05 4.346439628482971784e+01 6.693435801896604254e+00
7.166748936443330387e-02 6.797747120010720200e-05 4.274610591900311363e+01 6.237805720251976993e+00
7.190239887094113103e-02 6.812567208000406508e-05 4.196124031007752109e+01 6.274594059949250457e+00
7.213564083891418899e-02 6.727815908267241148e-05 4.032968749999999858e+01 6.574306715469130147e+00
7.236775266651256089e-02 6.677609510169290425e-05 3.939811912225705015e+01 5.942550968188030858e+00
7.260248712279285255e-02 6.869830537591529508e-05 3.885454545454545183e+01 6.009448483378500683e+00
7.283623165966979229e-02 6.586822544777081725e-05 3.721889763779527271e+01 5.842795162977274970e+00
7.306707252174290956e-02 6.700747180961246050e-05 3.673023255813953369e+01 5.962647387894361550e+00
7.329949258276330371e-02 6.772475651974369101e-05 3.540860215053763227e+01 5.722287849597581300e+00
7.353390515197159860e-02 6.826447305255654060e-05 3.480916030534351080e+01 5.598248662686589050e+00
7.377004759623378982e-02 6.923659859914002232e-05 3.443647234678624613e+01 5.835434583807033171e+00
7.400585793887086428e-02 6.684871515157072869e-05 3.365184049079754658e+01 5.758112393062313039e+00
7.423882513885866896e-02 6.705699330302101503e-05 3.269512195121951237e+01 6.039973488700084658e+00
7.447179934364664411e-02 6.729631389406922585e-05 3.259878419452887499e+01 5.697367521416218494e+00
7.470386502595725842e-02 6.677743912390293128e-05 3.204923076923076763e+01 5.548176948838356992e+00
7.493684316276932877e-02 6.880723494932199492e-05 3.128677563150074192e+01 5.753858977535064589e+00
7.517114345002372244e-02 6.635401491145231717e-05 3.078287461773700429e+01 5.360683561086644566e+00
7.540400894130300236e-02 6.796181942783490750e-05 2.989253731343283604e+01 5.323302087076172917e+00
7.563888952420828871e-02 6.793007447686484233e-05 2.901341281669150618e+01 5.041096783156245209e+00
7.587212767299332528e-02 6.666720262525264009e-05 2.837936267071320273e+01 5.218959642458363746e+00
7.610444662739059007e-02 6.812128212821508440e-05 2.713777777777777800e+01 5.229166698637548016e+00
7.633840355552658219e-02 6.704448074672975544e-05 2.690075187969924642e+01 5.387307608823726390e+00
7.657294088866806181e-02 6.913426714198188134e-05 2.617321688500727817e+01 4.936357762421188511e+00
7.680909613855584073e-02 6.745120118354667115e-05 2.568639053254437954e+01 4.897046746703199283e+00
7.704345247504407190e-02 6.715677607695802020e-05 2.502366863905325545e+01 4.860577584328374279e+00
7.727476474555629304e-02 6.635027155862049334e-05 2.438830584707646310e+01 4.990368097676387116e+00
7.750787862388756888e-02 6.818542687846034010e-05 2.412426900584795320e+01 5.100246726561018740e+00
7.774237043501058819e-02 6.813069542586966778e-05 2.373722627737226176e+01 4.756929322409631844e+00
7.797665167592943147e-02 6.707760415591992138e-05 2.329955947136564021e+01 4.702639217019730644e+00
7.821051974065167112e-02 6.733218681971041611e-05 2.269197080291970892e+01 4.703578046368091847e+00
7.844387394979719652e-02 6.745944882601931131e-05 2.246131386861313928e+01 4.539958218944511792e+00
7.867743152837132492e-02 6.749240172701480983e-05 2.160437956204379617e+01 4.452407081433251257e+00
7.890970530980039033e-02 6.748164380015466649e-05 2.134548104956268233e+01 4.660557542489524252e+00
7.914414745391105954e-02 6.806851035759457725e-05 2.137500000000000000e+01 4.456768712455453141e+00
7.937949292746850072e-02 6.797541296510754361e-05 2.027298850574712574e+01 4.431860415443365397e+00
7.961030015032465046e-02 6.738864298828837172e-05 2.024545454545454604e+01 4.477634964580413879e+00
7.984598519055025045e-02 6.790561728139939753e-05 1.947507788161993858e+01 4.393349605241386513e+00
8.007687882222253029e-02 6.447056716295559542e-05 1.884511784511784427e+01 4.294032339968288703e+00
8.030494588125068611e-02 6.608834776223229527e-05 1.841047297297297192e+01 4.442132724582299019e+00
8.054004005809645150e-02 6.984151446891397389e-05 1.803940886699507473e+01 4.088731279339044455e+00
8.077714850029885096e-02 6.767392876517773568e-05 1.737823834196891326e+01 4.054368002399229454e+00
8.101269351174554545e-02 6.824941035471516354e-05 1.706920415224913512e+01 4.106771570249746262e+00
8.124499042027705231e-02 6.566391543360840461e-05 1.659049360146252283e+01 4.042023553426140836e+00
8.147763778805076906e-02 6.850612538316699495e-05 1.649107142857142705e+01 4.005453075088346360e+00
8.171370565696982335e-02 6.843303816104012401e-05 1.592224231464737727e+01 4.100363557701266259e+00
8.194644813657113447e-02 6.527704147071792412e-05 1.573282442748091547e+01 4.009608746278664704e+00
8.217941383646631959e-02 6.844304487629756508e-05 1.549077490774907773e+01 3.942142600555136323e+00
8.241354877640369447e-02 6.643977738405588268e-05 1.488007736943907133e+01 4.078401115172129110e+00
8.264613760478992099e-02 6.785385497585561844e-05 1.444145873320537454e+01 3.728014489608797888e+00
8.288072046378301694e-02 6.777539431253258432e-05 1.383752417794971024e+01 3.565954844884573038e+00
8.311212554025591837e-02 6.484000319727093505e-05 1.361632653061224474e+01 3.681028503758296377e+00
8.334638570633212673e-02 7.022221827522090226e-05 1.322988505747126453e+01 3.543285614605238720e+00
8.358704646049577858e-02 6.663645268385280900e-05 1.306653992395437314e+01 3.409820764717853780e+00
8.382143415227705230e-02 6.846312793730281276e-05 1.289877835951134344e+01 3.502935174936880003e+00
8.405591962697228636e-02 6.576640212805385805e-05 1.273029772329246967e+01 3.612877374009919595e+00
8.428680641257924044e-02 6.623286801922068177e-05 1.251801029159519807e+01 3.399141981895904330e+00
8.452023012686848968e-02 6.905229191131505512e-05 1.174798061389337711e+01 3.537574207052893716e+00
8.475508438648238219e-02 6.596024294369417270e-05 1.173762376237623783e+01 3.309906074360636996e+00
8.498773362002838561e-02 6.745598113771460842e-05 1.155309033280507158e+01 3.329150071235120301e+00
8.522017358652922425e-02 6.573424789204848628e-05 1.090048154093097921e+01 3.330083301460909695e+00
8.545345635918015492e-02 6.827530828384012593e-05 1.058128834355828296e+01 3.180961628277699571e+00
8.568838710074284937e-02 6.739557208403640777e-05 1.055810397553516822e+01 3.261734907512976012e+00
8.591990562469611903e-02 6.499275358868887781e-05 1.038221528861154397e+01 3.082267604781650405e+00
8.615047449966896365e-02 6.728541472914020762e-05 1.015718562874251418e+01 3.182251654211951664e+00
8.638537494001211070e-02 6.792206805344957186e-05 9.692194403534609037e+00 3.105499142808241242e+00
8.662074503924638291e-02 6.782280238804023608e-05 9.532163742690057617e+00 3.125967583866671173e+00
8.685381778459443092e-02 6.674020065135433848e-05 9.285923753665688452e+00 3.021072325156301197e+00
8.708770284767913816e-02 6.753597429739365476e-05 9.066187050359712174e+00 2.963087438703279730e+00
8.732212221979428202e-02 6.822332096859763445e-05 8.728693181818181657e+00 3.036218185138972459e+00
8.755723433992959603e-02 6.741755499607516103e-05 8.570613409415122064e+00 2.823461228536532364e+00
8.779078654295230377e-02 6.688902566296500132e-05 8.321888412017166559e+00 2.920231092945595908e+00
8.802385785273660057e-02 6.732631344927013264e-05 8.188385269121813081e+00 2.812389914616319597e+00
8.825920820130851718e-02 6.779425408112107370e-05 7.698033707865168829e+00 2.758484175246016079e+00
8.849234674886145846e-02 6.696150027325509799e-05 7.578723404255319096e+00 2.778708198887509973e+00
8.872137438766081186e-02 6.623799103067982519e-05 7.580838323353293440e+00 2.818941377948251947e+00
8.895429543332857014e-02 6.738487815592646569e-05 7.304147465437788256e+00 2.776653532158424920e+00
8.918772016087560262e-02 6.684333251713010609e-05 7.325358851674641514e+00 2.743399256150008458e+00
8.942216213337644826e-02 6.785239281137156507e-05 6.969404186795491007e+00 2.566157827639234945e+00
8.965567864572877854e-02 6.700437258479202294e-05 6.950083194675540810e+00 2.618713081150596089e+00
8.988740917090436156e-02 6.600763457825628208e-05 6.536878216123499286e+00 2.709963193236299972e+00
9.011975323533148730e-02 6.773804127286482647e-05 6.403389830508474212e+00 2.458605299196360061e+00
9.035608288166475932e-02 6.874767433980949428e-05 6.306397306397306224e+00 2.451050103939882874e+00
9.059423529262686237e-02 6.860051062213127538e-05 6.082770270270270174e+00 2.543880782887762315e+00
9.082806409944925441e-02 6.591920751229069322e-05 6.042253521126760951e+00 2.404890911779577145e+00
9.105979902993641129e-02 6.679468897932259346e-05 5.732517482517482499e+00 2.371084439685426037e+00
9.129435639159146076e-02 6.847518630411293563e-05 5.626072041166381155e+00 2.377030513068937978e+00
9.152650281439915492e-02 6.468590151769530185e-05 5.373865698729582974e+00 2.490766080069931832e+00
9.175728164276017451e-02 6.760337681272159235e-05 5.383944153577661318e+00 2.293064218135419274e+00
9.199104812749678284e-02 6.693583434796843623e-05 5.198934280639431194e+00 2.278526796046124403e+00
9.222507569997025201e-02 6.793803912847704170e-05 5.007054673721340166e+00 2.197874087469944726e+00
9.246186654200068411e-02 6.944239987391782215e-05 5.039723661485319361e+00 2.210481421882872777e+00
9.269596921447360860e-02 6.487594269754672440e-05 4.810313075506445379e+00 2.141526864403656472e+00
9.292703616442406223e-02 6.779858569529950100e-05 4.692579505300352949e+00 2.236542563548612250e+00
9.316059594520455234e-02 6.613368773353799079e-05 4.699453551912568194e+00 2.185441684075442037e+00
9.339538772676710121e-02 6.900293928083786957e-05 4.257894736842104955e+00 2.008467762154998670e+00
9.363035783291058511e-02 6.644185014357123227e-05 4.260473588342440721e+00 2.225867445346616513e+00
9.386245806937851266e-02 6.674446860279308080e-05 4.144665461121157080e+00 1.993919975582292947e+00
9.409440198891941276e-02 6.727128699980994470e-05 4.208258527827648088e+00 2.053175615105266250e+00
9.432822867807295897e-02 6.787030890533636790e-05 4.023090586145648295e+00 2.055501180481198009e+00
9.456450311453787339e-02 6.856686819874252005e-05 3.973867595818815435e+00 1.913905597676451853e+00
9.479870037226469093e-02 6.586042330461264486e-05 3.766187050359712352e+00 1.993411135744438178e+00
9.503065075680132423e-02 6.692670173723798215e-05 3.516873889875665959e+00 1.982206178879488023e+00
9.526552764507723037e-02 6.873817835408579122e-05 3.474782608695652364e+00 1.911457049721509094e+00
9.549948238481764662e-02 6.592497101293757838e-05 3.618874773139745926e+00 1.911652384857357001e+00
9.573145469357186021e-02 6.763779021303956466e-05 3.469135802469135665e+00 1.819296437622666796e+00
9.596344353397949500e-02 6.508803650637630216e-05 3.390109890109890056e+00 1.889481537943246359e+00
9.619719815228761073e-02 6.891878545311372979e-05 3.364746945898778208e+00 1.894297788202607968e+00
9.643338477973723011e-02 6.764486940942661787e-05 3.008912655971479388e+00 1.676068499155436431e+00
9.666686513379581236e-02 6.634527000553854632e-05 2.998185117967332225e+00 1.761658788831843347e+00
9.689804830612920583e-02 6.673844817570089385e-05 3.209386281588447520e+00 1.786896032935956891e+00
9.713211530402467153e-02 6.751532973417066546e-05 3.000000000000000000e+00 1.814418555719848669e+00
9.736750905795905908e-02 6.828413715794354373e-05 2.896797153024911253e+00 1.762051049319095064e+00
9.760254220852407347e-02 6.723724816253193984e-05 2.749549549549549443e+00 1.644503231180726388e+00
9.783729966421263191e-02 6.713292727370104079e-05 2.664259927797834049e+00 1.577262060469807325e+00
9.807012441261567237e-02 6.702921340280121982e-05 2.759999999999999787e+00 1.726309779427046998e+00
9.830432198494945539e-02 6.771531372861528232e-05 2.684684684684684797e+00 1.635476349874588786e+00
9.853663875749650580e-02 6.592920559052215760e-05 2.645756457564575559e+00 1.683779243047397900e+00
9.876785373964377945e-02 6.639572360800846391e-05 2.553930530164533863e+00 1.595075247599093693e+00
9.900171307164255807e-02 6.725503490443550815e-05 2.598181818181818148e+00 1.592480263120945372e+00
9.923465994738583928e-02 6.748068345197972770e-05 2.361313868613138744e+00 1.400482951034121903e+00
9.947119774122156755e-02 6.881988242762419612e-05 2.434704830053667113e+00 1.577911841704547902e+00
9.970633280334199877e-02 6.694105292138958260e-05 2.376146788990825875e+00 1.607474545032737234e+00
9.993728249839414768e-02 6.534832822620718473e-05 2.357677902621722943e+00 1.634736001606170275e+00
1.001703666773564594e-01 6.807110521762425154e-05 2.355595667870036269e+00 1.550185297586920807e+00
1.004042664217037195e-01 6.656925648346958700e-05 2.394444444444444375e+00 1.580774410415829445e+00
1.006397678263622197e-01 6.842954627529723277e-05 2.374774774774774944e+00 1.573669391668143680e+00
1.008742614643446667e-01 6.658751459513834290e-05 2.102040816326530503e+00 1.499220450444904484e+00
1.011048192716836602e-01 6.576603880257255797e-05 2.178907721280602505e+00 1.519603646782210049e+00
1.013390231998947122e-01 6.916081345207424958e-05 2.252688172043010972e+00 1.479624853109404725e+00
1.015727676549605663e-01 6.516705286347274908e-05 2.032258064516129004e+00 1.394271194934534330e+00
1.018063810355425147e-01 6.852265857895202593e-05 2.133815551537070476e+00 1.435932234783145800e+00
1.020425928562866541e-01 6.754985595762503701e-05 2.163904235727440284e+00 1.490656243223842603e+00
1.022745336203261940e-01 6.568464132683736977e-05 2.064516129032258007e+00 1.414126994652733948e+00
1.025079986564226969e-01 6.883363629312960503e-05 2.187725631768953072e+00 1.424808721045185411e+00
1.027413231873401389e-01 6.438235018542032870e-05 2.115163147792706422e+00 1.435233483503415286e+00
1.029738054843176154e-01 6.827106302290229681e-05 2.160291438979963452e+00 1.496842240732368934e+00
1.032091814552798248e-01 6.721742881697321279e-05 2.072625698324022547e+00 1.415687726263684887e+00
1.034439824047587719e-01 6.784155240531380992e-05 2.075785582255083028e+00 1.460489230511320180e+00
1.036790446583389369e-01 6.769644679304059084e-05 2.118081180811808295e+00 1.463303197054802052e+00
1.039108473112752701e-01 6.478868293181549987e-05 2.102119460500963211e+00 1.485764037345912447e+00
1.041435991355559865e-01 6.876976636486558856e-05 1.905454545454545512e+00 1.445361918129909773e+00
1.043796853337771446e-01 6.639151268194193886e-05 2.009398496240601517e+00 1.470871567881165465e+00
1.046125879328569097e-01 6.649047237023615630e-05 1.924812030075187863e+00 1.405492243282347564e+00
1.048449497528018554e-01 6.678671360180158550e-05 2.048780487804878092e+00 1.397384643552168626e+00
1.050782436420249349e-01 6.680234379189081782e-05 2.016981132075471805e+00 1.520218548677213732e+00
1.053121578057464591e-01 6.813810244029516923e-05 2.042513863216266046e+00 1.385203492400681302e+00
1.055465828127617189e-01 6.602091647410296903e-05 2.072106261859582688e+00 1.467763707277418339e+00
1.057784850233827734e-01 6.633866725893719138e-05 1.878787878787878896e+00 1.368006465490387846e+00
1.060121054701392146e-01 6.796601729703331872e-05 1.959107806691449793e+00 1.319752342117255228e+00
1.062489964857592228e-01 6.804532742857089987e-05 2.050279329608938550e+00 1.421891059525518974e+00
1.064814477792258851e-01 6.617151051899120408e-05 2.131931166347992512e+00 1.386929343271737780e+00
1.067134525370284776e-01 6.660088521860815184e-05 1.981060606060605966e+00 1.331289864011665713e+00
1.069489685164438514e-01 6.844070374709154171e-05 2.044362292051756125e+00 1.459863303100334964e+00
1.071833396191340243e-01 6.614921031534214753e-05 2.172084130019120263e+00 1.438798968300372350e+00
1.074169666915256866e-01 6.748748480923821868e-05 2.088180112570356517e+00 1.377209100266536312e+00
1.076507130258745892e-01 6.685365476994657339e-05 2.119318181818181657e+00 1.386899114172533753e+00
1.078822248577407661e-01 6.549492787243419399e-05 2.211240310077519311e+00 1.457529266603944773e+00
1.081158030820603549e-01 6.892691260091426855e-05 2.119926199261992661e+00 1.405921007926813626e+00
1.083502519132016478e-01 6.550174513790631484e-05 2.121856866537717767e+00 1.440935701175445782e+00
1.085838887651629364e-01 6.788279140540267611e-05 2.209345794392523210e+00 1.543610657911993034e+00
1.088167529892371671e-01 6.600576014251126192e-05 2.177606177606177695e+00 1.518125900790904481e+00
1.090505526263309127e-01 6.812007346507967362e-05 2.199248120300751896e+00 1.460687182091225278e+00
1.092866482205838569e-01 6.842382848130358576e-05 2.169776119402984982e+00 1.512214046765394171e+00
1.095204794082260541e-01 6.485319910623837047e-05 2.157894736842105310e+00 1.487025381586579931e+00
1.097528862015335477e-01 6.749182814616273797e-05 2.124060150375939759e+00 1.461238589248758490e+00
1.099860225771209649e-01 6.572661825364852677e-05 2.375241779497098804e+00 1.525779970851869338e+00
1.102199794899808571e-01 6.771853003694458301e-05 2.088512241054613749e+00 1.486238465930381336e+00
1.104527673679933375e-01 6.605954367090497955e-05 2.249516441005802836e+00 1.524184086232971191e+00
1.106846995336629863e-01 6.639466551207307780e-05 2.209615384615384759e+00 1.395295349532146734e+00
1.109195593734974006e-01 6.847264593218049594e-05 2.303370786516854007e+00 1.570537077063825837e+00
1.111563010475637298e-01 6.737417664069918785e-05 2.394686907020872724e+00 1.561089855668142068e+00
1.113901732397686445e-01 6.590926552890959188e-05 2.297297297297297369e+00 1.503222737160544442e+00
1.116201801113623215e-01 6.530710990471277541e-05 2.328125000000000000e+00 1.428780022787141890e+00
1.118544392406903287e-01 6.842920462665363923e-05 2.397748592870544204e+00 1.484172308930879369e+00
1.120919882620126512e-01 6.808645466680088396e-05 2.504708097928436850e+00 1.471155776248996627e+00
1.123255119325231172e-01 6.496953905756043762e-05 2.270588235294117574e+00 1.538352449330830485e+00
1.125569423960908616e-01 6.660855058776252613e-05 2.411877394636015470e+00 1.524297613228229764e+00
1.127891651266763745e-01 6.585219533195248219e-05 2.424124513618676868e+00 1.527927425946223661e+00
1.130234059678330849e-01 6.798907267284735661e-05 2.487712665406427437e+00 1.650260817439957783e+00
1.132592717752512051e-01 6.709286710082286605e-05 2.510516252390057268e+00 1.538046908349494979e+00
1.134925261196267493e-01 6.566405257712189627e-05 2.583657587548638279e+00 1.587577248540547936e+00
1.137232837453631684e-01 6.560285114491499190e-05 2.458984375000000000e+00 1.533224273341405652e+00
1.139571109036284086e-01 6.796742105221370610e-05 2.503787878787878896e+00 1.620475175892591047e+00
1.141916071219103018e-01 6.614694266841438333e-05 2.632295719844357951e+00 1.662200610396701528e+00
1.144245089960832934e-01 6.685048664461395486e-05 2.707692307692307843e+00 1.613808755158075092e+00
1.146574952630475680e-01 6.619094374413487093e-05 2.663424124513618541e+00 1.609453950507507169e+00
1.148904160535498264e-01 6.707792820933123690e-05 2.673745173745173620e+00 1.563666046474459392e+00
1.151265174722906764e-01 6.876668888584983865e-05 2.723163841807909602e+00 1.591543239860515824e+00
1.153617816491615961e-01 6.565260628400561250e-05 2.650980392156862653e+00 1.604237947606690140e+00
1.155936763096339220e-01 6.650816827874497729e-05 2.907156673114120071e+00 1.672655654362481981e+00
1.158258315634240476e-01 6.588797587536296874e-05 2.770588235294117574e+00 1.678543609954485483e+00
1.160597319175528663e-01 6.799461765561689208e-05 2.759999999999999787e+00 1.672477489349542878e+00
1.162950314370258531e-01 6.674923210542826858e-05 2.939922480620154932e+00 1.793656738320403177e+00
1.165287100714146457e-01 6.653530395956359987e-05 2.992248062015503862e+00 1.778947319763125146e+00
1.167624675326668082e-01 6.672669288532265567e-05 2.773255813953488413e+00 1.614640014386836242e+00
1.169963813879617426e-01 6.705354536925166775e-05 2.810444874274661498e+00 1.685203580417803160e+00
1.172296699541907350e-01 6.631902832571586392e-05 2.904483430799220223e+00 1.696932315018576443e+00
1.174633317010978645e-01 6.682263370538187562e-05 2.906976744186046346e+00 1.692689399742951739e+00
1.176963758561083428e-01 6.650269296166132736e-05 2.935546875000000000e+00 1.731942885798480658e+00
1.179299254124360069e-01 6.728363660691870959e-05 3.058027079303675233e+00 1.738914718957474070e+00
1.181661083576700799e-01 6.789566897107491888e-05 2.902485659655831718e+00 1.738622811781894484e+00
1.184002669641160965e-01 6.566520377029123803e-05 3.031434184675835031e+00 1.799655330038196555e+00
1.186327021679424165e-01 6.597848618172980106e-05 3.009803921568627416e+00 1.649694436539228093e+00
1.188650719869437794e-01 6.702715015157560143e-05 3.118446601941747609e+00 1.813055782284896500e+00
1.190988067061411609e-01 6.629343627726192692e-05 2.935420743639921781e+00 1.751602176998327653e+00
1.193323897405050432e-01 6.682302270376797710e-05 3.083011583011582957e+00 1.709903874961716808e+00
1.195656510531601519e-01 6.587317906801366991e-05 3.150097465886939396e+00 1.801338354835524402e+00
1.198002489216287991e-01 6.746592986415190997e-05 3.030476190476190546e+00 1.620430781726681646e+00
1.200336589500475559e-01 6.624896294229367234e-05 2.959381044487427559e+00 1.814995768109867180e+00
1.202657768623850848e-01 6.571795768306507403e-05 3.100775193798449791e+00 1.819287526186700532e+00
1.204994510404173019e-01 6.765105501654847969e-05 3.067542213883677427e+00 1.662203166528732678e+00
1.207339951349819807e-01 6.562727713419021691e-05 3.209615384615384759e+00 1.774478004752134019e+00
1.209680956947216668e-01 6.741732215622490954e-05 3.274766355140187102e+00 1.881480880339537087e+00
1.212006880373407286e-01 6.513848631823455568e-05 3.205769230769230926e+00 1.800741546792098635e+00
1.214319994211767589e-01 6.582807741597457144e-05 3.207224334600760507e+00 1.763389716573009247e+00
1.216656057203382851e-01 6.790283688671594779e-05 3.262476894639556591e+00 1.774741009902257138e+00
1.219007843250684425e-01 6.671568653291726767e-05 3.208646616541353414e+00 1.812160713476321794e+00
1.221369572323006136e-01 6.825324584029650993e-05 3.281535648994515331e+00 1.743058862144121424e+00
1.223726009556053707e-01 6.573836356997660114e-05 3.136105860113421517e+00 1.828847025889745126e+00
1.226056442391218609e-01 6.616532013731783344e-05 3.203389830508474478e+00 1.727825499563209855e+00
1.228388051323681396e-01 6.703161226424012367e-05 3.322761194029850706e+00 1.981483818834727906e+00
1.230707296013911628e-01 6.457171094849102578e-05 3.428571428571428381e+00 1.831874429973979090e+00
1.233029183635097059e-01 6.759810128202039419e-05 3.249077490774907595e+00 1.656154582288655641e+00
1.235379854409733719e-01 6.570013406878603220e-05 3.400379506641366234e+00 1.946105098467073802e+00
1.237724597817453503e-01 6.756544521848162354e-05 3.348148148148148096e+00 1.754304914740317134e+00
1.240061498949734248e-01 6.566505030106075010e-05 3.321904761904761916e+00 1.837140635413002654e+00
1.242390821888286201e-01 6.661632460395466447e-05 3.415413533834586346e+00 1.904984075553787459e+00
1.244711632953071079e-01 6.579076840955865762e-05 3.287619047619047663e+00 1.794625384894804165e+00
1.247054517839266963e-01 6.761591240357131126e-05 3.395910780669145090e+00 1.904829956845147665e+00
1.249410059021845570e-01 6.697188855875631079e-05 3.422138836772983250e+00 1.778251402315346175e+00
1.251741761334562164e-01 6.583601426366064431e-05 3.448669201520912608e+00 1.857859032766555840e+00
1.254072382360083560e-01 6.640543300240981869e-05 3.390566037735848859e+00 1.756681797103919029e+00
1.256410482936734796e-01 6.683584359234039823e-05 3.434210526315789380e+00 1.876913349045681523e+00
1.258745257397245465e-01 6.611238233520655145e-05 3.285171102661597065e+00 1.782098085119758979e+00
1.261080103941889519e-01 6.690937462473420770e-05 3.469043151969981142e+00 1.855071773672772206e+00
1.263406670927800235e-01 6.522594346067754308e-05 3.404990403071017191e+00 1.847835282433972992e+00
1.265732414590826360e-01 6.685572305932845820e-05 3.468926553672316171e+00 1.896426520938959692e+00
1.268080548800749052e-01 6.733690508414850442e-05 3.389513108614232273e+00 1.834118381381895535e+00
1.270422367608540493e-01 6.597699196562882616e-05 3.445714285714285730e+00 1.819025679249390848e+00
1.272759152751854195e-01 6.689135984813015558e-05 3.505639097744360999e+00 1.887079496456979921e+00
1.275094590884037760e-01 6.604831116682244026e-05 3.515267175572518887e+00 1.808795901716605758e+00
1.277431018946701968e-01 6.733257125615095616e-05 3.392857142857142794e+00 1.835472176187810112e+00
1.279782552164440979e-01 6.710085433560373114e-05 3.413533834586466309e+00 1.834524835646665464e+00
1.282131041449612319e-01 6.621149459998993162e-05 3.498106060606060552e+00 1.958613557701309293e+00
1.284458066838963242e-01 6.548314267397141550e-05 3.413793103448275801e+00 1.863150672044709744e+00
1.286783609577602794e-01 6.654865817496632442e-05 3.367424242424242209e+00 1.799667015292558681e+00
1.289128241661116614e-01 6.697900382933094643e-05 3.594339622641509635e+00 1.875048355849697979e+00
1.291446660323967432e-01 6.835636986838949068e-05 3.602880658436213857e+00 1.892131665117730011e+00
1.293786085608263359e-01 6.605676840398337884e-05 3.521739130434782705e+00 1.880019729064956069e+00
1.296108774202269776e-01 6.783588626387897994e-05 3.553191489361702260e+00 2.017714915992645075e+00
1.298443923619162221e-01 6.722079102470935436e-05 3.427500000000000213e+00 1.836657970336339485e+00
1.300782666066699345e-01 6.749263575799763530e-05 3.406735751295336900e+00 1.824238944726202183e+00
1.303119143017006376e-01 6.684139813301355590e-05 3.566757493188010830e+00 1.858540342342523077e+00
1.305459241900186751e-01 6.810036271421107158e-05 3.432960893854748452e+00 1.986915313911153058e+00
1.307796783027228849e-01 6.720238230322061351e-05 3.361764705882352988e+00 1.798581717290495874e+00
1.310139024467842916e-01 6.790776888182086793e-05 3.387387387387387427e+00 1.774370771535115132e+00
1.312472894800687517e-01 6.625173267803912932e-05 3.563694267515923553e+00 1.832812923653721837e+00
1.314776668789590652e-01 6.618039329338910079e-05 3.460264900662251453e+00 1.915848370609627427e+00
1.317137024266215872e-01 7.043903276921694031e-05 3.273015873015872934e+00 1.729109919476098600e+00
1.319503540721679857e-01 6.642835643525359449e-05 3.607508532423208347e+00 1.848780605195510018e+00
1.321828723734352895e-01 6.718390404847075217e-05 3.440273037542662227e+00 2.026821054680128409e+00
1.324147834979462757e-01 6.603244305163348776e-05 3.397163120567376016e+00 1.805149149666762209e+00
1.326480411947886795e-01 6.877844789332857034e-05 3.357638888888888840e+00 1.690990046677673941e+00
1.328820802110143862e-01 6.636907368294008079e-05 3.321167883211678884e+00 1.865024210876474742e+00
1.331148138063605602e-01 6.785609440944978998e-05 3.351449275362318847e+00 1.839837805514009217e+00
1.333495643154704868e-01 6.741119029024297674e-05 3.381481481481481310e+00 1.859001014970823151e+00
1.335835372037798285e-01 6.759745300131219899e-05 3.271698113207547109e+00 1.745840808366988073e+00
1.338176466306949530e-01 6.831218422516185137e-05 3.352272727272727071e+00 1.774814233867390900e+00
1.340512797922887300e-01 6.599048480043925120e-05 3.330708661417322691e+00 1.888163692671868787e+00
1.342814461297319739e-01 6.559979566974010292e-05 3.310483870967741993e+00 1.757935035184533534e+00
1.345160483007357966e-01 6.963532972159798605e-05 3.291828793774318918e+00 1.788859460195117546e+00
1.347536796152505323e-01 6.810829448341578071e-05 3.327935222672064874e+00 1.671098916222055530e+00
1.349871276635005723e-01 6.677996814749840085e-05 3.404166666666666785e+00 1.982422760159902264e+00
1.352194676899014514e-01 6.661700689138378795e-05 2.928270042194093037e+00 1.738990517536612046e+00
1.354521481550482465e-01 6.703309091722472405e-05 3.218884120171674024e+00 1.830893440280654483e+00
1.356860453582514059e-01 6.856354300475121723e-05 3.277777777777777679e+00 1.754386714649711188e+00
1.359211357373890650e-01 6.716967141125949588e-05 3.242290748898678299e+00 1.757195778069317926e+00
1.361540064088500035e-01 6.678503458520554067e-05 3.008968609865470878e+00 1.737209544571258313e+00
1.363867967184397567e-01 6.692559243115627019e-05 3.068493150684931337e+00 1.678552725010789670e+00
1.366219029817275776e-01 6.946138516611432591e-05 3.126126126126126170e+00 1.759907085224756473e+00
1.368567259414371073e-01 6.686962625770076724e-05 3.179245283018867774e+00 1.727098019375196580e+00
1.370879062713149799e-01 6.563798020853460155e-05 3.178743961352656910e+00 1.641204367175890910e+00
1.373197126983267125e-01 6.725671536427617889e-05 3.256038647342994974e+00 1.709148430980050648e+00
1.375555620768925402e-01 6.925260661464505163e-05 3.425837320574162792e+00 1.907585356865987070e+00
1.377899351687938978e-01 6.618070308676317348e-05 3.243654822335025223e+00 1.685332700514237114e+00
1.380219266012210066e-01 6.752809196460790695e-05 3.231155778894472252e+00 1.846629402587657065e+00
1.382545611228954419e-01 6.572577943118536358e-05 3.036649214659685736e+00 1.721104151732302245e+00
1.384888270319775960e-01 6.920592491137856391e-05 3.229591836734694077e+00 1.812510322537354224e+00
1.387251204069650523e-01 6.776599831776989474e-05 2.978835978835978615e+00 1.666498689779858822e+00
1.389591668919520073e-01 6.693609892524315735e-05 3.189189189189189033e+00 1.941812426668762859e+00
1.391904057199591371e-01 6.569416018844522961e-05 2.877094972067038903e+00 1.610324899306674551e+00
1.394227790925808841e-01 6.774421325864447493e-05 2.866666666666666696e+00 1.625605300370478012e+00
1.396572113000431603e-01 6.854202640791657957e-05 3.044943820224719211e+00 1.755705615790131402e+00
1.398913498476041517e-01 6.688348527294887597e-05 2.976878612716762795e+00 1.794152984280709129e+00
1.401247906031993506e-01 6.646051683429370267e-05 2.847058823529411864e+00 1.539424239649155313e+00
1.403591895729549288e-01 6.805811419343037823e-05 2.934911242603550185e+00 1.559887218862147318e+00
1.405953485464094266e-01 6.905228462272873535e-05 2.863095238095238138e+00 1.695080918342217302e+00
1.408299829100064793e-01 6.644350311483485528e-05 2.893749999999999822e+00 1.802927307186842798e+00
1.410591665228413116e-01 6.501076246847150089e-05 2.974193548387096708e+00 1.739245234414009689e+00
1.412893301143412494e-01 6.674759269244742439e-05 2.580645161290322509e+00 1.696909107846193310e+00
1.415237124881587039e-01 6.927971403152424041e-05 2.751592356687897922e+00 1.531128583939777466e+00
1.417608398927272528e-01 6.767011984472880734e-05 2.763157894736842035e+00 1.614565368648754662e+00
1.419948711733081126e-01 6.643728084900887214e-05 2.639455782312924992e+00 1.715338193276251477e+00
1.422257950142377936e-01 6.614300048882033553e-05 2.923076923076922906e+00 1.695483352245229502e+00
1.424611599372695714e-01 6.976859826068063314e-05 2.639455782312924992e+00 1.727194674564175969e+00
1.426969880138435620e-01 6.713456917550140600e-05 2.546762589928057707e+00 1.616000938802784281e+00
1.429290483303200521e-01 6.598668785333661462e-05 2.860294117647058876e+00 1.700358704269010923e+00
1.431615992067113707e-01 6.674925674210528508e-05 2.828358208955223940e+00 1.864596705254438103e+00
1.433977864542690939e-01 6.958273395422789138e-05 3.110294117647058876e+00 1.754104183875425216e+00
1.436356797294852938e-01 6.762859419149515740e-05 2.784615384615384492e+00 1.807577737776859816e+00
1.438647788032675900e-01 6.395074090213278628e-05 2.644628099173553792e+00 1.611845706486094043e+00
1.440939223050132778e-01 6.721088340672915884e-05 2.504000000000000004e+00 1.574171528137896070e+00
1.443302270800670972e-01 6.810715064994765275e-05 2.674796747967479682e+00 1.566069770395066785e+00
1.445647386873331885e-01 6.765147823845471715e-05 2.831932773109243850e+00 1.708777606811455962e+00
1.448001674656267668e-01 6.812041505588835896e-05 2.516949152542372836e+00 1.646730327009771067e+00
1.450305141697986189e-01 6.417457142913943864e-05 2.357798165137614532e+00 1.560415346156539096e+00
1.452619539705164164e-01 6.860711380950888425e-05 2.736842105263157965e+00 1.624489407672988772e+00
1.454988966656826088e-01 6.757751339465679083e-05 2.467889908256880815e+00 1.601620465490653400e+00
1.457319267282644326e-01 6.746225896059649557e-05 2.500000000000000000e+00 1.370167322105602548e+00
1.459689564871680389e-01 6.919146774834719811e-05 2.420560747663551560e+00 1.589966575510679325e+00
1.462029517945844237e-01 6.518587451146425451e-05 2.224489795918367374e+00 1.651485769788347824e+00
1.464348845068329241e-01 6.893025110561780433e-05 2.425742574257425677e+00 1.726665681323767521e+00
1.466710325229612644e-01 6.703672746630305742e-05 2.447916666666666519e+00 1.726591958647632152e+00
1.469003469776316018e-01 6.495976429229445050e-05 2.736263736263736313e+00 1.542107140583781177e+00
1.471326263642964982e-01 6.784892292542188277e-05 2.591397849462365510e+00 1.744621584901929978e+00
1.473683745226096187e-01 6.734190408583911583e-05 2.056179775280898792e+00 1.377080778594303112e+00
1.476018743975685277e-01 6.760693685313507080e-05 2.356321839080459668e+00 1.576808740023955435e+00
1.478377306130267688e-01 6.772451548086767131e-05 2.423529411764705710e+00 1.467997718335440682e+00
1.480669483097254435e-01 6.431970194966852195e-05 2.256410256410256387e+00 1.489829645777841050e+00
1.482973419064994303e-01 6.861360276277018620e-05 2.358024691358024505e+00 1.621519286980292796e+00
1.485364113895124294e-01 6.936560494550093024e-05 2.443037974683544444e+00 1.735470274648006850e+00
1.487716162219679672e-01 6.677093946461412058e-05 2.459459459459459651e+00 1.277866876699359278e+00
1.490077522787839059e-01 6.871676643346850033e-05 2.405405405405405261e+00 1.661337963092216707e+00
1.492393961896789634e-01 6.506416229580026540e-05 2.208955223880597174e+00 1.482653843365689061e+00
1.494701913811684602e-01 6.907736733736162202e-05 2.594202898550724612e+00 1.611695857496706186e+00
1.497045353405743462e-01 6.634691779689233710e-05 2.328125000000000000e+00 1.622293419052176278e+00
1.499337638884900847e-01 6.630672807533855592e-05 2.290322580645161477e+00 1.326312594698308089e+00
1.501708286181911156e-01 6.972377942578611605e-05 2.380952380952380931e+00 1.443310212275467297e+00
1.504045133699344061e-01 6.505456575143086920e-05 1.946428571428571397e+00 1.354791195599333031e+00
1.506393971018608890e-01 7.070153912039902559e-05 1.864406779661016866e+00 1.226678448998117288e+00
1.508747560046925229e-01 6.361798606692725948e-05 2.117647058823529438e+00 1.464694070351615585e+00
1.511033451723478305e-01 6.822425875258773191e-05 1.980769230769230838e+00 1.562551774290144246e+00
1.513430592404528541e-01 6.953071659907809779e-05 2.137254901960784270e+00 1.358895677568523919e+00
1.515751618564359637e-01 6.342734358875888579e-05 2.045454545454545414e+00 1.348016602394265018e+00
1.518045724547506525e-01 6.938126820492401424e-05 1.891304347826086918e+00 1.321624709006144593e+00
1.520480234761667215e-01 6.976967995741814512e-05 1.931818181818181879e+00 1.527976028542873843e+00
1.522777008011769462e-01 6.272216552833166940e-05 2.108108108108107892e+00 1.226681699233537204e+00
1.525061322319957446e-01 6.929360622917626303e-05 2.153846153846153744e+00 1.478311313374315539e+00
1.527427011500204213e-01 6.666422581467422144e-05 1.971428571428571530e+00 1.206445276040994496e+00
1.529726548169981215e-01 6.665749530051660659e-05 1.878787878787878896e+00 1.341572340677493980e+00
1.532134048917648539e-01 7.071407902998622368e-05 2.000000000000000000e+00 1.230914909793327405e+00
1.534434790603389775e-01 6.011232516833131041e-05 2.115384615384615419e+00 1.221115989722118877e+00
1.536710418380370924e-01 6.976616835160736295e-05 1.785714285714285809e+00 1.342971119783083367e+00
1.539149550629408947e-01 6.925196045819559246e-05 1.399999999999999911e+00 1.007968253468332298e+00
1.541445478244997391e-01 6.478862577215637321e-05 1.666666666666666741e+00 1.385869734367166206e+00
1.543780235396354228e-01 7.053413531437874686e-05 1.714285714285714191e+00 1.480025739801909879e+00
1.546059873932826012e-01 5.909742656752603256e-05 1.562500000000000000e+00 1.311011060212689427e+00
1.548370283320493757e-01 7.086429496304842972e-05 2.000000000000000000e+00 1.328422328310142841e+00
1.550799786572540917e-01 6.540043890405022008e-05 1.538461538461538547e+00 1.434981392782894716e+00
1.553036635055988490e-01 6.758474544596143726e-05 2.272727272727272929e+00 1.064063628247238658e+00
1.555456416189227586e-01 7.341490814454251594e-05 5.000000000000000000e-01 8.366600265340756737e-01
1.557790343018141677e-01 5.399834121423047510e-05 3.333333333333333148e-01 5.270462766947299205e-01
1.559999688717171595e-01 6.566134794291481655e-05 0.000000000000000000e+00 0.000000000000000000e+00
1.562567987100282052e-01 8.033505465450464550e-05 0.000000000000000000e+00 0.000000000000000000e+00
