# q qerr I(q) I(q)err
3.001749291795529316e-03 1.167853270244704247e-04 1.114466666666666697e+03 7.567480814741553559e+02
3.216946015612575076e-03 6.406021311444656113e-05 2.463536231884057997e+03 1.647781075825921334e+03
3.430819248455692968e-03 7.252053699931147659e-05 2.169436781609195350e+03 1.477307004876135125e+03
3.672101494117159613e-03 7.545375631879780269e-05 1.710464646464646421e+03 1.065072061349732394e+03
3.918307832378639319e-03 7.374016049620304720e-05 1.300280373831775705e+03 6.907088724207452515e+02
4.147718136434350687e-03 6.107192035677698103e-05 9.652526315789473301e+02 3.337526217436735010e+02
4.365502826808959243e-03 6.779080658174564808e-05 7.486261682242990219e+02 1.666387236889555368e+02
4.594999596112334626e-03 7.420628290313399807e-05 6.218780487804878021e+02 9.709826758146121506e+01
4.835936192065706969e-03 7.320149930589021881e-05 5.173095238095238528e+02 6.100795147858188017e+01
5.080814687701338921e-03 7.653000632488168636e-05 4.459583333333333144e+02 4.079774880885428701e+01
5.317078266608570546e-03 6.172106439101172914e-05 3.913902439024390105e+02 3.086327816875311214e+01
5.551471060931053268e-03 7.668524467813574576e-05 3.488086419753086602e+02 2.587432548690942369e+01
5.788366925541485984e-03 6.194770960560404868e-05 3.133111111111111313e+02 2.191063405686066901e+01
6.009776342023025880e-03 6.950277321810145736e-05 2.840387096774193765e+02 2.159776070405820647e+01
6.247094567316056890e-03 7.317752475420629581e-05 2.591169590643274887e+02 1.823767352330224867e+01
6.480842620397410207e-03 6.691741107424957404e-05 2.359308176100628884e+02 1.793176616530142553e+01
6.718305882023165379e-03 7.577205940640407739e-05 2.193061224489795791e+02 1.667347563260193510e+01
6.954283760887284942e-03 6.032943043655961634e-05 2.041595092024539895e+02 1.581643400005675026e+01
7.176272274730767682e-03 6.864708281211200774e-05 1.898457446808510554e+02 1.425347519036194477e+01
7.411440332622126065e-03 7.201436331295212967e-05 1.785300000000000011e+02 1.378048438916426477e+01
7.640547325048651327e-03 6.719666067278881421e-05 1.668936170212765830e+02 1.324940102167745870e+01
7.880909625388352394e-03 7.780078248694467205e-05 1.576440677966101589e+02 1.310707949517537863e+01
8.119534573631228755e-03 6.182975050629921810e-05 1.476649214659685754e+02 1.240381209248154448e+01
8.341212846027333885e-03 7.037901862628595019e-05 1.398401826484018216e+02 1.254530539917786847e+01
8.584257463478678699e-03 7.672081168970473167e-05 1.330597609561752961e+02 1.093318413478678508e+01
8.826919166718070683e-03 6.518131950376178396e-05 1.269817351598173474e+02 1.115497077310623197e+01
9.051576779129599792e-03 7.018745924619574326e-05 1.213916666666666657e+02 1.155828977401068514e+01
9.278754197832399936e-03 6.574873290523112796e-05 1.178722466960352477e+02 1.116223324900545677e+01
9.511181178050998053e-03 7.470724405325664997e-05 1.131529850746268693e+02 1.026148439209260843e+01
9.756331684265373561e-03 7.268311501543828993e-05 1.095296296296296248e+02 1.098497165197923309e+01
9.992460030236703650e-03 6.501341219802315996e-05 1.056904761904761898e+02 1.107935797289079360e+01
1.021767907988490980e-02 6.882116667024825156e-05 1.021086142322097317e+02 9.804065273434318328e+00
1.044627826021552429e-02 6.776641009522302674e-05 1.002310606060606091e+02 9.485462633810248789e+00
1.067941769640304468e-02 7.427835917673683769e-05 9.766555183946488228e+01 9.076453555755449543e+00
1.092103363594707117e-02 6.948634926740279217e-05 9.444863013698629572e+01 9.658674517352970668e+00
1.115205959515964615e-02 6.613677834257579403e-05 9.285512367491166685e+01 1.033056379825981352e+01
1.138090927839274270e-02 7.036315799772670850e-05 9.044736842105263008e+01 1.005733649198531232e+01
1.161908717993895106e-02 7.230519164610463203e-05 8.773417721518987378e+01 8.955128129766853462e+00
1.185129732832000682e-02 6.908715592862023315e-05 8.602272727272726627e+01 9.302433635701746084e+00
1.208558089049110301e-02 7.062077464939989495e-05 8.361773700305811019e+01 8.990792922613950466e+00
1.231793957662911075e-02 6.797072397413507841e-05 8.232278481012657778e+01 8.886663086015934354e+00
1.255104362664789287e-02 7.284146348496770690e-05 8.177011494252873547e+01 9.124203525363471456e+00
1.278854709885444453e-02 6.836902354776895477e-05 8.000301204819277245e+01 8.937702731713667248e+00
1.301955791686103432e-02 7.052250088700313892e-05 7.850852272727273373e+01 8.922405873721123371e+00
1.325028003696187423e-02 6.572913682214379116e-05 7.690060240963855165e+01 8.609083967112548308e+00
1.348330464865910884e-02 7.403947498893654331e-05 7.619473684210525732e+01 8.653229426138254965e+00
1.372355777471481568e-02 7.011324266142941383e-05 7.510354223433242282e+01 8.670028699456519661e+00
1.396363525470880468e-02 7.100822662538032210e-05 7.331701030927834495e+01 8.787779228492944128e+00
1.419611930545690293e-02 6.442105916470620042e-05 7.249719101123595522e+01 8.503716038671285560e+00
1.442295386479172138e-02 6.909816387485589995e-05 7.019736842105263008e+01 8.027320903416443443e+00
1.465427040331478310e-02 7.032050413528805792e-05 7.065984654731457226e+01 8.175570158103784735e+00
1.488826669148199562e-02 6.870854531503662287e-05 6.929620253164557653e+01 7.958697257801648384e+00
1.512493372137564684e-02 7.038106039296808131e-05 6.742822384428224325e+01 8.305314574894660851e+00
1.535996817115549591e-02 6.948886920014566576e-05 6.625000000000000000e+01 8.008994637158849628e+00
1.559107684366512793e-02 6.926322144844645774e-05 6.528249999999999886e+01 8.039334549575606559e+00
1.582030048556574975e-02 6.778990216657608829e-05 6.370284237726097842e+01 8.044214014463864970e+00
1.604934829520379691e-02 6.632072085052491666e-05 6.221204188481675601e+01 8.034291142362707916e+00
1.628904364851086611e-02 7.370425539511840857e-05 6.124228028503562626e+01 7.973014118631302161e+00
1.652925296731121152e-02 6.866669088367037858e-05 6.093814432989690744e+01 8.408613282869172423e+00
1.676290647126136429e-02 6.841736000850834820e-05 6.041432225063938688e+01 7.692174606248245894e+00
1.698898227523908816e-02 6.513545783602395407e-05 5.958221024258759968e+01 7.659503336956699826e+00
1.721559450095504207e-02 6.815141817037284600e-05 5.852971576227390216e+01 7.825773687634185016e+00
1.745425431013439971e-02 7.361591577158020986e-05 5.758194774346793565e+01 7.192303347057187324e+00
1.769237993647997109e-02 6.752629516254465077e-05 5.725388601036269165e+01 7.449375440140811655e+00
1.792581344598703774e-02 6.995690167491317953e-05 5.676049382716049507e+01 7.736801328884022055e+00
1.815810556613557669e-02 6.785108792352181407e-05 5.664705882352941302e+01 7.076480473999893661e+00
1.839232362436072146e-02 7.095327149885457684e-05 5.602689486552566933e+01 7.021575386473704938e+00
1.863037138017983527e-02 7.115596482089993704e-05 5.535645933014354370e+01 7.138286155120806775e+00
1.886280557207787104e-02 6.449751950033663162e-05 5.520104438642297850e+01 7.616582264763216870e+00
1.909573960115521288e-02 7.170118321703184772e-05 5.468298368298368217e+01 7.290119884889254109e+00
1.933100079269604518e-02 6.740791281490355268e-05 5.457575757575757791e+01 7.216231533928930020e+00
1.956643258492160933e-02 7.263834258317552345e-05 5.416129032258064768e+01 7.514175692063806977e+00
1.980140115393233882e-02 6.562685565221032481e-05 5.357644110275689542e+01 7.555474867263230365e+00
2.002553894851007155e-02 6.516318768203393532e-05 5.361868686868687206e+01 7.213385495953569482e+00
2.025791866108470757e-02 7.136486459924699065e-05 5.258810068649885494e+01 6.849551293035063715e+00
2.049506424590396420e-02 6.900197405484374000e-05 5.276849642004773244e+01 7.465962964099135846e+00
2.073118625762118000e-02 7.052247030088847036e-05 5.125229357798165353e+01 7.343083246132578346e+00
2.096357000287297698e-02 6.647394664901699988e-05 5.145169082125603666e+01 6.939348266611887972e+00
2.119430833328746558e-02 6.961349209216719826e-05 5.080841121495327428e+01 6.921640541254583390e+00
2.143145413784678169e-02 7.298555940605846982e-05 4.998687089715536302e+01 7.238951907447452427e+00
2.167047737296409413e-02 6.691391229536730319e-05 5.011475409836065609e+01 6.891173427077410985e+00
2.189928641736541004e-02 6.715504648428360229e-05 5.002564102564102910e+01 6.866143346276477821e+00
2.212935186570120366e-02 6.857374351609249376e-05 4.940318906605922677e+01 7.359161882242532648e+00
2.236393702227972707e-02 6.998460737683496991e-05 4.831390134529147673e+01 7.411717742509416951e+00
2.259777835583483968e-02 6.986464902764970590e-05 4.856415929203539861e+01 7.169827317353629326e+00
2.283319440761695171e-02 6.790936196889400258e-05 4.830717488789237990e+01 6.526115906373633813e+00
2.306264206423920202e-02 6.694360958493462607e-05 4.741590909090908923e+01 6.965875352135407539e+00
2.329708818082978222e-02 7.159338094189254982e-05 4.672823779193205951e+01 7.240770195622546090e+00
2.353543375433993223e-02 6.985578503684801541e-05 4.712200435729847214e+01 7.018849467248645446e+00
2.377007062717483368e-02 7.009305664980517553e-05 4.607036247334755075e+01 6.702758303247593474e+00
2.400302358301376407e-02 6.597292527615178370e-05 4.655056179775280611e+01 6.575860335279129387e+00
2.423507457935474702e-02 7.157919103467260530e-05 4.601446280991735449e+01 6.440592027728945013e+00
2.447096161315339205e-02 6.736211404920262771e-05 4.565577342047929932e+01 6.901622425191385801e+00
2.470427111069508144e-02 6.982655739072169126e-05 4.448648648648648418e+01 6.957944448867892540e+00
2.493809997853204188e-02 6.775469533352249248e-05 4.584221748400852903e+01 6.313448317807138999e+00
2.517118618717203993e-02 6.980743985615223796e-05 4.505744680851064032e+01 6.537373143959200661e+00
2.540636145408604191e-02 6.938193712001703524e-05 4.430222222222221973e+01 6.737820287171678579e+00
2.563827354025385516e-02 6.629623788449823620e-05 4.361915887850467044e+01 6.213217381073492973e+00
2.586948195348701476e-02 6.770189532135148904e-05 4.353810623556582016e+01 6.780143429670376420e+00
2.609745587984336687e-02 6.509333995869156359e-05 4.382352941176470296e+01 6.618660053187049641e+00
2.633484837400032474e-02 7.348807666944635701e-05 4.265859030837004440e+01 6.965418052939480908e+00
2.657557098811626564e-02 6.881179166339853475e-05 4.214285714285714590e+01 6.402300819417412470e+00
2.680365379537597362e-02 6.422825624438124588e-05 4.190051020408163396e+01 6.145560121298800027e+00
2.703234577850367401e-02 6.946685782169436285e-05 4.192399049881235129e+01 6.825530473056600655e+00
2.726970666685900324e-02 6.993093227310868997e-05 4.177434679334916723e+01 6.333063202753852927e+00
2.750750127458209335e-02 6.961999393279447927e-05 4.127142857142857224e+01 6.544777738491851515e+00
2.774064166089718064e-02 6.699331928476430444e-05 4.093034825870646642e+01 6.336536261224045674e+00
2.797286317169397213e-02 6.855334754057274232e-05 4.070588235294117396e+01 6.248806114344668039e+00
2.820747942598401947e-02 7.000105603626221500e-05 4.050485436893203683e+01 6.013636434721295387e+00
2.843871508024181996e-02 6.660692948204320466e-05 4.029743589743589638e+01 6.332212088020989782e+00
2.867376841695860532e-02 7.113061539282546195e-05 3.957345971563981379e+01 6.375455788655914446e+00
2.890771417331186935e-02 6.480505975226419921e-05 3.891884816753926657e+01 6.220933066948943768e+00
2.913907964587559782e-02 7.035121785828480224e-05 3.951960784313725839e+01 6.254677219516478814e+00
2.937603130710666338e-02 7.051255909955699420e-05 3.882019704433497509e+01 6.209141239274799773e+00
2.960814043237767687e-02 6.584026763423021398e-05 3.872965879265091615e+01 6.260295355504517545e+00
2.983961579365264002e-02 6.983920439112704980e-05 3.896088019559902449e+01 6.216614492941581638e+00
3.007086711816524260e-02 6.649470887843013508e-05 3.837433155080213965e+01 6.250554609497157799e+00
3.030849094681176484e-02 7.199344525738288452e-05 3.761718750000000000e+01 6.164064150295512690e+00
3.054989504902336575e-02 6.904743658252054722e-05 3.754038997214484397e+01 5.740610532926011977e+00
3.078165236014722417e-02 6.430462589111944952e-05 3.730981595092024605e+01 6.251139382011678514e+00
3.100904415161786359e-02 6.891371557748558090e-05 3.750442477876106295e+01 6.097595586774699150e+00
3.124378004707335788e-02 6.802347259085625550e-05 3.642073170731707421e+01 6.201484813376659133e+00
3.148005278710188509e-02 6.963790735804129299e-05 3.650750750750750484e+01 6.231697221983967694e+00
3.171371101549351479e-02 6.491098522060580905e-05 3.570779220779220964e+01 5.679596968423977543e+00
3.194253270530488659e-02 6.643720727097939297e-05 3.510163934426229559e+01 5.654231208245916740e+00
3.217772739409639066e-02 7.207253078604244857e-05 3.568827160493827222e+01 5.630934100004339804e+00
3.241258335410790448e-02 6.484611046219248903e-05 3.520905923344948008e+01 5.650279973707226233e+00
3.264445272271138121e-02 7.067815627986795619e-05 3.517628205128205110e+01 5.540781431868579965e+00
3.288009324972624575e-02 6.514072171913584642e-05 3.469122807017544119e+01 5.907330949016882826e+00
3.311251835395861987e-02 6.923154512368420417e-05 3.399659863945578309e+01 5.871930576754769149e+00
3.334620240946842284e-02 6.906008769013418584e-05 3.476736111111111427e+01 5.669784851504127587e+00
3.358123372194379841e-02 6.790165455744005493e-05 3.392499999999999716e+01 5.645272990994955720e+00
3.381409346726198945e-02 6.946853510284985394e-05 3.260211267605633623e+01 5.108898907398991440e+00
3.405235163866184023e-02 6.660978410321308902e-05 3.301048951048951352e+01 5.814732621365199527e+00
3.428443415797702287e-02 7.014504093919582688e-05 3.256603773584905781e+01 5.616316986655995436e+00
3.451790515064617759e-02 6.752790833138901940e-05 3.227531645569619911e+01 5.616240798917408128e+00
3.475058674309065149e-02 6.860561414856442648e-05 3.184403669724770580e+01 5.861002071761213017e+00
3.498255247524993672e-02 6.949851211445105619e-05 3.232537313432835901e+01 5.733343090163884881e+00
3.521787450520567214e-02 6.928285379750772884e-05 3.190058479532163815e+01 5.726852841937308369e+00
3.545148567192742128e-02 6.819735758945621247e-05 3.162865497076023402e+01 5.535496257741108650e+00
3.568299999600531985e-02 6.771859016455015492e-05 3.135652173913043583e+01 5.181490006682534677e+00
3.591626020472690056e-02 6.847219215976182126e-05 3.105982905982905962e+01 5.850658866348310561e+00
3.615098875833893527e-02 7.052968595604587306e-05 3.065564738292011171e+01 5.380459382685375047e+00
3.638614682571900127e-02 6.820923678434241515e-05 3.074293785310734606e+01 5.216323326498298663e+00
3.661805186382561389e-02 6.907515541028400551e-05 2.992837465564738153e+01 5.280053978484433586e+00
3.685317606104113880e-02 6.904996252045599340e-05 3.009239130434782439e+01 5.801272135356936310e+00
3.708883642168768480e-02 6.873622836593106498e-05 2.906756756756756843e+01 5.205604666276837378e+00
3.732239511597464088e-02 6.812675490547725891e-05 2.970731707317073145e+01 5.653523150521630569e+00
3.755463123269808107e-02 6.778877579542675561e-05 2.926902173913043370e+01 5.510769069060523329e+00
3.778670279175407737e-02 6.944847979951479207e-05 2.897347480106100903e+01 5.262022541534497222e+00
3.802298536488796232e-02 7.020534180361206209e-05 2.866493506493506516e+01 5.197512281662260314e+00
3.825885045270431550e-02 6.844491048717255130e-05 2.870078740157480368e+01 5.308980790812935169e+00
3.849029289296715395e-02 6.652498920162236353e-05 2.783200000000000074e+01 5.583367681486385514e+00
3.872248042820892328e-02 6.790361104831614330e-05 2.790673575129533646e+01 5.192798227058089466e+00
3.895386220490307250e-02 6.719082682281010037e-05 2.709498680738786192e+01 5.263423713387783032e+00
3.918674717410664671e-02 7.000314829290660062e-05 2.765822784810126578e+01 5.539848507580436454e+00
3.942407118577949399e-02 7.012279782529274620e-05 2.725062034739454120e+01 5.136580716026899474e+00
3.965683877455637024e-02 6.593437650155711338e-05 2.668571428571428683e+01 5.071349917078008751e+00
3.988742774945142761e-02 6.864886435371258416e-05 2.673697270471464194e+01 5.322095913422983493e+00
4.012278533538721215e-02 6.997066240485112700e-05 2.617149758454106134e+01 5.247726714884399790e+00
4.035757945334737112e-02 6.763234382336403173e-05 2.610643564356435675e+01 5.330309769148033894e+00
4.059262090047784100e-02 7.047756166092368556e-05 2.596261682242990787e+01 5.211275626834067864e+00
4.082512016076288858e-02 6.496092607463988043e-05 2.621914357682619823e+01 5.029423163861967083e+00
4.105717491102069128e-02 7.111181249420595236e-05 2.552847380410022637e+01 5.067409502784741449e+00
4.129381576814993016e-02 6.732684386414472533e-05 2.550714285714285623e+01 5.052223865427436955e+00
4.152473579130346731e-02 6.726668318915885337e-05 2.503301886792452891e+01 4.807269150531645607e+00
4.175787959977999425e-02 6.911235940839533670e-05 2.485616438356164437e+01 4.991955748304651053e+00
4.199237839299468922e-02 6.860112016482474860e-05 2.481105990783409965e+01 5.078943150967619502e+00
4.222717975068539242e-02 7.045110183040372183e-05 2.444247787610619582e+01 5.095969885769543239e+00
4.246249924109424950e-02 6.709506009279194230e-05 2.403432494279176268e+01 4.791420500616919043e+00
4.269335040669582776e-02 6.700621335665329654e-05 2.368792710706150473e+01 4.809333640963303402e+00
4.292717084091476204e-02 6.896437123237502613e-05 2.348672566371681469e+01 4.741178832830560630e+00
4.316007288560289035e-02 6.735835804845247382e-05 2.311617312072893071e+01 5.052388718518692201e+00
4.339440191910803879e-02 7.037245596857638261e-05 2.261255411255411119e+01 4.844387956789474536e+00
4.363144753970988471e-02 6.826143681517027339e-05 2.273170731707316961e+01 4.969366980588877603e+00
4.386107962274469335e-02 6.624164794214468591e-05 2.297018348623853257e+01 4.527586839477255154e+00
4.409573705596323001e-02 7.170940769140793695e-05 2.253249475890985210e+01 4.765634938260704168e+00
4.433534367545302612e-02 6.775590854826653211e-05 2.200877192982456165e+01 4.630176970825568894e+00
4.456682912223779158e-02 6.610492296161660122e-05 2.200669642857142705e+01 4.697783150998034785e+00
4.479780304487864656e-02 6.786442677967826091e-05 2.168927789934354422e+01 4.616488084148556936e+00
4.503013318854280633e-02 6.853635641818868680e-05 2.193899782135076393e+01 4.607995073644777229e+00
4.526436263630335272e-02 6.918514626283685297e-05 2.150963597430406793e+01 4.823260972757693388e+00
4.549984770861909000e-02 6.833630877532204714e-05 2.132976445396145593e+01 4.517049793899232668e+00
4.573057769171592901e-02 6.540293680537103750e-05 2.128285077951002080e+01 4.390808582023161044e+00
4.596282480080345761e-02 6.990247096589263711e-05 2.091841004184100328e+01 4.375362842496761218e+00
4.619732296389236076e-02 6.786250507108923557e-05 2.085714285714285765e+01 4.380552400336798158e+00
4.643258444511101646e-02 7.033191385126720280e-05 2.060206185567010451e+01 4.488427272602652174e+00
4.666845704786030252e-02 6.692058153033048496e-05 1.994181034482758719e+01 4.215982186474539262e+00
4.689934413756127740e-02 6.802189408205146866e-05 2.005095541401274062e+01 4.649230702630235079e+00
4.713438507358027468e-02 6.944147399833233919e-05 1.971280991735537214e+01 4.585458823359188862e+00
4.736795136815064727e-02 6.656957436849283657e-05 1.970021413276231215e+01 4.081013171614861434e+00
4.759859747438226207e-02 6.769763208725077138e-05 1.924421052631578988e+01 4.248322465081132648e+00
4.783274694655795245e-02 6.928267493286968941e-05 1.889278350515463956e+01 4.261386814044671567e+00
4.806634396749334681e-02 6.807281927440189521e-05 1.918619246861924665e+01 3.870177539839436243e+00
4.830248047396420996e-02 6.966332651828869844e-05 1.860887096774193594e+01 4.293358016973967572e+00
4.853643200824572096e-02 6.606102041943429451e-05 1.843763213530655420e+01 4.179090147526871135e+00
4.876414520816241271e-02 6.613248851928526920e-05 1.834819532908704787e+01 4.322273366148564833e+00
4.899792577344610350e-02 7.109046729717630826e-05 1.829900990099010016e+01 4.132016628178969420e+00
4.923470399315162116e-02 6.843725681761876167e-05 1.806378600823045133e+01 4.241934108271345316e+00
4.947209300203903731e-02 7.062440267994869150e-05 1.782778864970645927e+01 4.034264493021666453e+00
4.970767414357019076e-02 6.568520737628115111e-05 1.744258872651356995e+01 4.257772894151893972e+00
4.993955421601320444e-02 6.870069007268534431e-05 1.723246492985972012e+01 4.223767689293351779e+00
5.017343134654914799e-02 6.784437425331957467e-05 1.746464646464646364e+01 4.026326485629390106e+00
5.040364307755263590e-02 6.549987049623397846e-05 1.729937629937629850e+01 4.326149562820772232e+00
5.063525219032424807e-02 6.906177440634427543e-05 1.686956521739130466e+01 4.084159332069898340e+00
5.087248401921887209e-02 6.982607771126056830e-05 1.646078431372549034e+01 3.764950972414225383e+00
5.110824603904627617e-02 6.828347019243583200e-05 1.636926147704590662e+01 3.992271947880735805e+00
5.134041616444540157e-02 6.749734166748146504e-05 1.599200000000000088e+01 4.006484743512696234e+00
5.157233759481640728e-02 6.701141620730611365e-05 1.612825651302605223e+01 3.838398922981116623e+00
5.180603234918396832e-02 6.902301690403682475e-05 1.627875243664717431e+01 3.857959836669755838e+00
5.204093912643181080e-02 6.858285367200194556e-05 1.564047151277013725e+01 3.949297208959451577e+00
5.227550176404114485e-02 6.841128413638082530e-05 1.552826510721247644e+01 3.777270800446753451e+00
5.250874134631969281e-02 6.710124584087647154e-05 1.558382642998027556e+01 3.943079024769045482e+00
5.273983379343173683e-02 6.699865505256583098e-05 1.535984095427435392e+01 3.928594421885667654e+00
5.297309563147201833e-02 7.004200559247158596e-05 1.475332068311195499e+01 3.867022303799021010e+00
5.320870841843343413e-02 6.736639692893721994e-05 1.506653620352250478e+01 3.894098175113741789e+00
5.344158726524587955e-02 6.810737650478912789e-05 1.455105973025048094e+01 3.873467868373136280e+00
5.367526270033567970e-02 6.805918753122887452e-05 1.451830443159922979e+01 3.695045480472197941e+00
5.391026527670270824e-02 6.883326900963864436e-05 1.431558935361216811e+01 3.630230003673366124e+00
5.414369868353056253e-02 6.749358219613563344e-05 1.429672447013487435e+01 3.632597322370319404e+00
5.437486949081267451e-02 6.641570492905651368e-05 1.394747081712062275e+01 3.690752241314664950e+00
5.460633195359332337e-02 6.803263502740879241e-05 1.423003802281368735e+01 3.725718711705133135e+00
5.484155575107002578e-02 6.931669974032373370e-05 1.377715355805243469e+01 3.697417467726423546e+00
5.507758596231705078e-02 6.905344121730599505e-05 1.364540337711069462e+01 3.754078867803223751e+00
5.531123208233620220e-02 6.772891677133621323e-05 1.339204545454545503e+01 3.711478569914035130e+00
5.554365515600671876e-02 6.719762712666427933e-05 1.357904761904761948e+01 3.712924292619105948e+00
5.577734969999190856e-02 6.950070055363419556e-05 1.301104972375690672e+01 3.744841695071241094e+00
5.601099427749139242e-02 6.700515619549475674e-05 1.302285714285714313e+01 3.461557197460779722e+00
5.624621814925619134e-02 7.010497752434535551e-05 1.277436823104693175e+01 3.723660905117851527e+00
5.648196424828423601e-02 6.688681858197991978e-05 1.258192090395480278e+01 3.425221716491103408e+00
5.671540211382259528e-02 6.857993554508776460e-05 1.234806629834254110e+01 3.385475295419556829e+00
5.695057597478152267e-02 6.911508132478911160e-05 1.263272727272727280e+01 3.353815638767726259e+00
5.718334936048233286e-02 6.546013463055807180e-05 1.249905123339658530e+01 3.530363973486920326e+00
5.741421041024297178e-02 6.793445858109002969e-05 1.234124087591240837e+01 3.554972152066923741e+00
5.764613918380164653e-02 6.637197386990278968e-05 1.189513108614232273e+01 3.459780272706956428e+00
5.788167249397389164e-02 7.061552392955100337e-05 1.202640845070422593e+01 3.202285243013727190e+00
5.811737136754223376e-02 6.704761694123777174e-05 1.155268022181146037e+01 3.238887241281774187e+00
5.834837921127641880e-02 6.699294913716081861e-05 1.153860294117647101e+01 3.528436982422577195e+00
5.858116591208732682e-02 6.832957605342608631e-05 1.130755395683453202e+01 3.426965598694702297e+00
5.881666226357543104e-02 6.848621822711322728e-05 1.116815742397137790e+01 3.456181457558077597e+00
5.905135363872197202e-02 6.777347974127791586e-05 1.104873646209386351e+01 3.142446347498289327e+00
5.928387195222793726e-02 6.772469370990553635e-05 1.099640287769784130e+01 3.304397878474704786e+00
5.951647621897535045e-02 6.683838279782646321e-05 1.102359346642468196e+01 3.070767527743293535e+00
5.974911582084686118e-02 6.869520850335110538e-05 1.069557522123893811e+01 3.210694108859101892e+00
5.998323909506843993e-02 6.775808722689177679e-05 1.043112701252236185e+01 3.150809736909145009e+00
6.021684065425213228e-02 6.821508261215899929e-05 1.057168141592920385e+01 3.078017573730873035e+00
6.045118304879574384e-02 6.844978444519072473e-05 1.043485915492957794e+01 2.937741493785430702e+00
6.068596061100132305e-02 6.815720570038588807e-05 1.022438162544169593e+01 2.974190484391650013e+00
6.092170969789185986e-02 6.974114108008298168e-05 9.939965694682676656e+00 3.202925004573222267e+00
6.115588848048909842e-02 6.553171796432443320e-05 9.859205776173284974e+00 2.923475645349025598e+00
6.138574783689496051e-02 6.713556217832948266e-05 9.792618629173990286e+00 3.057538902799037395e+00
6.161712726612254831e-02 6.659023579644488087e-05 9.820603907637655894e+00 3.075919651523274734e+00
6.184947732418764887e-02 6.842032557768410134e-05 9.738301559792027717e+00 3.140616084205154479e+00
6.208512874242018420e-02 6.932646695378516153e-05 9.418803418803419092e+00 2.919961352575283442e+00
6.232030440033373142e-02 6.786811594346220963e-05 9.144599303135889201e+00 2.895431598460557865e+00
6.255454887890503357e-02 6.903232039090102389e-05 9.051107325383304314e+00 3.084145832388772046e+00
6.279030404341265359e-02 6.817541082358109035e-05 9.101374570446735035e+00 2.862279951449707038e+00
6.302442562177140717e-02 6.783890935135950873e-05 8.806506849315068663e+00 2.963228345476398573e+00
6.325799215551787535e-02 6.707804214318665616e-05 8.783132530120482784e+00 2.960281488489474810e+00
6.349026508375751887e-02 6.699336420408434482e-05 8.744386873920552361e+00 2.924175228540393245e+00
6.372409184272515015e-02 6.892879157383024775e-05 8.597989949748743754e+00 2.869032829491367398e+00
6.395793742953777283e-02 6.642518885272369008e-05 8.637781629116117799e+00 2.827794132719705811e+00
6.419031457975818422e-02 6.826620328541081642e-05 8.262981574539363550e+00 2.908422147412156544e+00
6.442283327309653029e-02 6.576027226970875277e-05 8.121317157712304891e+00 2.898523234858032094e+00
6.465485140213383941e-02 6.860083938040020173e-05 8.170568561872910252e+00 2.690492543352893229e+00
6.489057688868674068e-02 6.918162283112673440e-05 8.097682119205298790e+00 2.692685221815747987e+00
6.512677614053768993e-02 6.800662934234975800e-05 8.110552763819095290e+00 2.852256466731735607e+00
6.535916383847417688e-02 6.723036061670840198e-05 7.973018549747048489e+00 2.784424674482678608e+00
6.559238943166004199e-02 6.775429361515336514e-05 7.783333333333333215e+00 2.897014747018807679e+00
6.582758612999557724e-02 6.859118299963685495e-05 7.571428571428571175e+00 2.728766144755840894e+00
6.606077625847779633e-02 6.646968386304463305e-05 7.421585160202361031e+00 2.728287053208338531e+00
6.629499012582010242e-02 6.873985157622226514e-05 7.366449511400651851e+00 2.785465799866365888e+00
6.652802461243248477e-02 6.667147267887053093e-05 7.640336134453781902e+00 2.697858555981009765e+00
6.676018753795931460e-02 6.790988101603729471e-05 7.223316912972085113e+00 2.614489189513577561e+00
6.699409877892320564e-02 6.752760488477305384e-05 7.405582922824302194e+00 2.768645285612715501e+00
6.722746570366622265e-02 6.715296906548569008e-05 6.844006568144498814e+00 2.704683231027270374e+00
6.746032149556230317e-02 6.698676487551811836e-05 6.859735973597359759e+00 2.737689907432248937e+00
6.769235389026706518e-02 6.820371575645631246e-05 6.970684039087948314e+00 2.721145032491747884e+00
6.792641117254087646e-02 6.820173351531172944e-05 6.694308943089430919e+00 2.561511364788628953e+00
6.816107073590284282e-02 6.878058967958357989e-05 6.705128205128205288e+00 2.583369122358187830e+00
6.839600153518463066e-02 6.745423942297350728e-05 6.465153970826579943e+00 2.695805603423270469e+00
6.862947544649959652e-02 6.741836193410811529e-05 6.498381877022653796e+00 2.487833425232801599e+00
6.886076050521675040e-02 6.695139243677821319e-05 6.311582381729200719e+00 2.500179226029587198e+00
6.909448405671331228e-02 6.857937925099385861e-05 6.260731319554849073e+00 2.631441538512342859e+00
6.933147198058889349e-02 6.945851940459737387e-05 6.159624413145539990e+00 2.397794348461797842e+00
6.956615814272766596e-02 6.659838482515636180e-05 6.102439024390243993e+00 2.522951162804955239e+00
6.979892421020185422e-02 6.845449894488580623e-05 6.069291338582677220e+00 2.372088508805644924e+00
7.003324628087082004e-02 6.708437855477542738e-05 6.126198083067092348e+00 2.399799162763138316e+00
7.026696723216839524e-02 6.749325677359571186e-05 5.863924050632911111e+00 2.433989728951403642e+00
7.049943687314187690e-02 6.712218498041330988e-05 5.686900958466453382e+00 2.398188709749195624e+00
7.073256586487845776e-02 6.824893734348157486e-05 5.723704866562009386e+00 2.388846322508248132e+00
7.096739529320396367e-02 6.805665211298504431e-05 5.654687499999999645e+00 2.270854954981162077e+00
7.119963565831700925e-02 6.604383357070072315e-05 5.500000000000000000e+00 2.270737765573118683e+00
7.143251491571993295e-02 6.833023575511234995e-05 5.365325077399380582e+00 2.339970563841720530e+00
7.166748936443330387e-02 6.797747120010720200e-05 5.383177570093457653e+00 2.193562336658925194e+00
7.190239887094113103e-02 6.812567208000406508e-05 5.372093023255813726e+00 2.232969923264625844e+00
7.213564083891418899e-02 6.727815908267241148e-05 5.182812499999999822e+00 2.322039025161937609e+00
7.236775266651256089e-02 6.677609510169290425e-05 5.173981191222570608e+00 2.270452866929654423e+00
7.260248712279285255e-02 6.869830537591529508e-05 5.257575757575757791e+00 2.167763019926335133e+00
7.283623165966979229e-02 6.586822544777081725e-05 5.094488188976377785e+00 2.321221914454184798e+00
7.306707252174290956e-02 6.700747180961246050e-05 4.888372093023256149e+00 2.181263115609958447e+00
7.329949258276330371e-02 6.772475651974369101e-05 4.832565284178187426e+00 2.214871597273996073e+00
7.353390515197159860e-02 6.826447305255654060e-05 4.938931297709923562e+00 2.172168221736237914e+00
7.377004759623378982e-02 6.923659859914002232e-05 4.766816143497758063e+00 2.129018712791356460e+00
7.400585793887086428e-02 6.684871515157072869e-05 4.757668711656442007e+00 2.152352588296273073e+00
7.423882513885866896e-02 6.705699330302101503e-05 4.608231707317073322e+00 2.157984246198560996e+00
7.447179934364664411e-02 6.729631389406922585e-05 4.544072948328267358e+00 2.029331255774632137e+00
7.470386502595725842e-02 6.677743912390293128e-05 4.323076923076922817e+00 1.995563125874275867e+00
7.493684316276932877e-02 6.880723494932199492e-05 4.457652303120356763e+00 2.087072194756302235e+00
7.517114345002372244e-02 6.635401491145231717e-05 4.316513761467890120e+00 2.019703465206312831e+00
7.540400894130300236e-02 6.796181942783490750e-05 4.253731343283582156e+00 1.913471254882420647e+00
7.563888952420828871e-02 6.793007447686484233e-05 4.064083457526080245e+00 1.905482127514466439e+00
7.587212767299332528e-02 6.666720262525264009e-05 4.133535660091046893e+00 1.994827300769902223e+00
7.610444662739059007e-02 6.812128212821508440e-05 4.075555555555555820e+00 1.973611925612988927e+00
7.633840355552658219e-02 6.704448074672975544e-05 3.965413533834586612e+00 1.958275259558406312e+00
7.657294088866806181e-02 6.913426714198188134e-05 4.018922852983988214e+00 2.012614124084910472e+00
7.680909613855584073e-02 6.745120118354667115e-05 3.954142011834319348e+00 2.018967947869579227e+00
7.704345247504407190e-02 6.715677607695802020e-05 3.989644970414201186e+00 1.986983217680054148e+00
7.727476474555629304e-02 6.635027155862049334e-05 3.830584707646176756e+00 2.025951071999132047e+00
7.750787862388756888e-02 6.818542687846034010e-05 3.752923976608187218e+00 1.906052638531505528e+00
7.774237043501058819e-02 6.813069542586966778e-05 3.578102189781021902e+00 1.846143992864325956e+00
7.797665167592943147e-02 6.707760415591992138e-05 3.653450807635829634e+00 1.895921831434506544e+00
7.821051974065167112e-02 6.733218681971041611e-05 3.664233576642335954e+00 1.881309512948371676e+00
7.844387394979719652e-02 6.745944882601931131e-05 3.639416058394160380e+00 1.931519269837705277e+00
7.867743152837132492e-02 6.749240172701480983e-05 3.635036496350364743e+00 1.881292520661718815e+00
7.890970530980039033e-02 6.748164380015466649e-05 3.332361516034985538e+00 1.793880891491191454e+00
7.914414745391105954e-02 6.806851035759457725e-05 3.336206896551724199e+00 1.761931327147971960e+00
7.937949292746850072e-02 6.797541296510754361e-05 3.277298850574712485e+00 1.930829217333353220e+00
7.961030015032465046e-02 6.738864298828837172e-05 3.393939393939394034e+00 1.773102783331274912e+00
7.984598519055025045e-02 6.790561728139939753e-05 3.330218068535825360e+00 1.829714917250650830e+00
8.007687882222253029e-02 6.447056716295559542e-05 3.289562289562289354e+00 1.800432443603820598e+00
8.030494588125068611e-02 6.608834776223229527e-05 3.201013513513513598e+00 1.783123022069272201e+00
8.054004005809645150e-02 6.984151446891397389e-05 3.064039408866995107e+00 1.791040694466001781e+00
8.077714850029885096e-02 6.767392876517773568e-05 3.027633851468048309e+00 1.691483029702629537e+00
8.101269351174554545e-02 6.824941035471516354e-05 3.034602076124567560e+00 1.779517527510091845e+00
8.124499042027705231e-02 6.566391543360840461e-05 2.912248628884826385e+00 1.686975692976493857e+00
8.147763778805076906e-02 6.850612538316699495e-05 2.987499999999999822e+00 1.817523825742831667e+00
8.171370565696982335e-02 6.843303816104012401e-05 2.945750452079566095e+00 1.751939387268489412e+00
8.194644813657113447e-02 6.527704147071792412e-05 2.845419847328244156e+00 1.615363043519369768e+00
8.217941383646631959e-02 6.844304487629756508e-05 2.791512915129151118e+00 1.731109147000241766e+00
8.241354877640369447e-02 6.643977738405588268e-05 2.852998065764023039e+00 1.724597814838997545e+00
8.264613760478992099e-02 6.785385497585561844e-05 2.738963531669865503e+00 1.662062869573853963e+00
8.288072046378301694e-02 6.777539431253258432e-05 2.796905222437137351e+00 1.552730142899884536e+00
8.311212554025591837e-02 6.484000319727093505e-05 2.628571428571428559e+00 1.626959460019856474e+00
8.334638570633212673e-02 7.022221827522090226e-05 2.542145593869731712e+00 1.608237262647189914e+00
8.358704646049577858e-02 6.663645268385280900e-05 2.697718631178707138e+00 1.624219602599602741e+00
8.382143415227705230e-02 6.846312793730281276e-05 2.596858638743455572e+00 1.573377556645737974e+00
8.405591962697228636e-02 6.576640212805385805e-05 2.612959719789842428e+00 1.716346187199447426e+00
8.428680641257924044e-02 6.623286801922068177e-05 2.391080617495711991e+00 1.590723914639050829e+00
8.452023012686848968e-02 6.905229191131505512e-05 2.494345718901453957e+00 1.578953128437124764e+00
8.475508438648238219e-02 6.596024294369417270e-05 2.533003300330033181e+00 1.542239669070387231e+00
8.498773362002838561e-02 6.745598113771460842e-05 2.438985736925515013e+00 1.584312924620556506e+00
8.522017358652922425e-02 6.573424789204848628e-05 2.396468699839486405e+00 1.576038830297627813e+00
8.545345635918015492e-02 6.827530828384012593e-05 2.374233128834355888e+00 1.648135844926992277e+00
8.568838710074284937e-02 6.739557208403640777e-05 2.325688073394495348e+00 1.509376467874817163e+00
8.591990562469611903e-02 6.499275358868887781e-05 2.291731669266770854e+00 1.578293628979325680e+00
8.615047449966896365e-02 6.728541472914020762e-05 2.302395209580838209e+00 1.469866262845051619e+00
8.638537494001211070e-02 6.792206805344957186e-05 2.275405007363770160e+00 1.462226734477128254e+00
8.662074503924638291e-02 6.782280238804023608e-05 2.229532163742689921e+00 1.460589974553531345e+00
8.685381778459443092e-02 6.674020065135433848e-05 2.265395894428152701e+00 1.538951131468536682e+00
8.708770284767913816e-02 6.753597429739365476e-05 2.208633093525179891e+00 1.517740100845874185e+00
8.732212221979428202e-02 6.822332096859763445e-05 2.211647727272727071e+00 1.438944993284436924e+00
8.755723433992959603e-02 6.741755499607516103e-05 2.112696148359486603e+00 1.429368794397204656e+00
8.779078654295230377e-02 6.688902566296500132e-05 2.145922746781115720e+00 1.454735153579591156e+00
8.802385785273660057e-02 6.732631344927013264e-05 2.050991501416430385e+00 1.443072391947136435e+00
8.825920820130851718e-02 6.779425408112107370e-05 2.091292134831460814e+00 1.398814357181768608e+00
8.849234674886145846e-02 6.696150027325509799e-05 1.946099290780141766e+00 1.419168607049439368e+00
8.872137438766081186e-02 6.623799103067982519e-05 2.077844311377245567e+00 1.376682389433701026e+00
8.895429543332857014e-02 6.738487815592646569e-05 2.124423963133640569e+00 1.555450297068423415e+00
8.918772016087560262e-02 6.684333251713010609e-05 1.947368421052631637e+00 1.428358560005942302e+00
8.942216213337644826e-02 6.785239281137156507e-05 1.980676328502415373e+00 1.345206071810903348e+00
8.965567864572877854e-02 6.700437258479202294e-05 1.923460898502495908e+00 1.393115149828455079e+00
8.988740917090436156e-02 6.600763457825628208e-05 1.861063464837049652e+00 1.326344234864984983e+00
9.011975323533148730e-02 6.773804127286482647e-05 1.906779661016949179e+00 1.389902850535617684e+00
9.035608288166475932e-02 6.874767433980949428e-05 1.932659932659932744e+00 1.376350917173303934e+00
9.059423529262686237e-02 6.860051062213127538e-05 1.902027027027026973e+00 1.380498584649981764e+00
9.082806409944925441e-02 6.591920751229069322e-05 1.830985915492957750e+00 1.402717203312823013e+00
9.105979902993641129e-02 6.679468897932259346e-05 1.877622377622377714e+00 1.349249460371678477e+00
9.129435639159146076e-02 6.847518630411293563e-05 1.843910806174957173e+00 1.342433080871320294e+00
9.152650281439915492e-02 6.468590151769530185e-05 1.836660617059891143e+00 1.379876185397819421e+00
9.175728164276017451e-02 6.760337681272159235e-05 1.762652705061082070e+00 1.320719184133861468e+00
9.199104812749678284e-02 6.693583434796843623e-05 1.902309058614564785e+00 1.362742837572152865e+00
9.222507569997025201e-02 6.793803912847704170e-05 1.640211640211640232e+00 1.227437204968144124e+00
9.246186654200068411e-02 6.944239987391782215e-05 1.716753022452504274e+00 1.308444902696786594e+00
9.269596921447360860e-02 6.487594269754672440e-05 1.629834254143646355e+00 1.257190383323400829e+00
9.292703616442406223e-02 6.779858569529950100e-05 1.712014134275618327e+00 1.273382239808364735e+00
9.316059594520455234e-02 6.613368773353799079e-05 1.734061930783242333e+00 1.279591168647245869e+00
9.339538772676710121e-02 6.900293928083786957e-05 1.684210526315789380e+00 1.330375296781416417e+00
9.363035783291058511e-02 6.644185014357123227e-05 1.511839708561020013e+00 1.187890387639871426e+00
9.386245806937851266e-02 6.674446860279308080e-05 1.625678119349005524e+00 1.273701905465561834e+00
9.409440198891941276e-02 6.727128699980994470e-05 1.628366247755834939e+00 1.236561645423374989e+00
9.432822867807295897e-02 6.787030890533636790e-05 1.664298401420959195e+00 1.263798930843867518e+00
9.456450311453787339e-02 6.856686819874252005e-05 1.686411149825783884e+00 1.264112266575260435e+00
9.479870037226469093e-02 6.586042330461264486e-05 1.654676258992805682e+00 1.301184102392681341e+00
9.503065075680132423e-02 6.692670173723798215e-05 1.509769094138543544e+00 1.224531692901715152e+00
9.526552764507723037e-02 6.873817835408579122e-05 1.624347826086956603e+00 1.228985780694527463e+00
9.549948238481764662e-02 6.592497101293757838e-05 1.533575317604355615e+00 1.214449029953738046e+00
9.573145469357186021e-02 6.763779021303956466e-05 1.550264550264550234e+00 1.302465255009686018e+00
9.596344353397949500e-02 6.508803650637630216e-05 1.487179487179487225e+00 1.226909393212398447e+00
9.619719815228761073e-02 6.891878545311372979e-05 1.546247818499127291e+00 1.236141805397375393e+00
9.643338477973723011e-02 6.764486940942661787e-05 1.538324420677361859e+00 1.233059431002912820e+00
9.666686513379581236e-02 6.634527000553854632e-05 1.618874773139745926e+00 1.341493720873957018e+00
9.689804830612920583e-02 6.673844817570089385e-05 1.539711191335739970e+00 1.169070463686809669e+00
9.713211530402467153e-02 6.751532973417066546e-05 1.482078853046594924e+00 1.270567611834510835e+00
9.736750905795905908e-02 6.828413715794354373e-05 1.475088967971530218e+00 1.183837128206510547e+00
9.760254220852407347e-02 6.723724816253193984e-05 1.565765765765765760e+00 1.210997143534707776e+00
9.783729966421263191e-02 6.713292727370104079e-05 1.433212996389891636e+00 1.196763153963131154e+00
9.807012441261567237e-02 6.702921340280121982e-05 1.563636363636363713e+00 1.189985762815033876e+00
9.830432198494945539e-02 6.771531372861528232e-05 1.403603603603603700e+00 1.195333566770950817e+00
9.853663875749650580e-02 6.592920559052215760e-05 1.531365313653136440e+00 1.237854764819018349e+00
9.876785373964377945e-02 6.639572360800846391e-05 1.493601462522851975e+00 1.218550406958462728e+00
9.900171307164255807e-02 6.725503490443550815e-05 1.398181818181818192e+00 1.206946834436805061e+00
9.923465994738583928e-02 6.748068345197972770e-05 1.536496350364963570e+00 1.268517274396982586e+00
9.947119774122156755e-02 6.881988242762419612e-05 1.513416815742397059e+00 1.256939798788147655e+00
9.970633280334199877e-02 6.694105292138958260e-05 1.440366972477064245e+00 1.185348083880680248e+00
9.993728249839414768e-02 6.534832822620718473e-05 1.376404494382022392e+00 1.156903316186355335e+00
1.001703666773564594e-01 6.807110521762425154e-05 1.509025270758122650e+00 1.261741890135635202e+00
1.004042664217037195e-01 6.656925648346958700e-05 1.392592592592592604e+00 1.166002162315319612e+00
1.006397678263622197e-01 6.842954627529723277e-05 1.383783783783783861e+00 1.224846258297167090e+00
1.008742614643446667e-01 6.658751459513834290e-05 1.419294990723562133e+00 1.245890184089725850e+00
1.011048192716836602e-01 6.576603880257255797e-05 1.412429378531073532e+00 1.266763596856405494e+00
1.013390231998947122e-01 6.916081345207424958e-05 1.476702508960573423e+00 1.281711609825881615e+00
1.015727676549605663e-01 6.516705286347274908e-05 1.432637571157495238e+00 1.193587604149925818e+00
1.018063810355425147e-01 6.852265857895202593e-05 1.399638336347197143e+00 1.139524635196590197e+00
1.020425928562866541e-01 6.754985595762503701e-05 1.362799263351749612e+00 1.147413894491724262e+00
1.022745336203261940e-01 6.568464132683736977e-05 1.330170777988614716e+00 1.183280468362548854e+00
1.025079986564226969e-01 6.883363629312960503e-05 1.370036101083032420e+00 1.205067994980108859e+00
1.027413231873401389e-01 6.438235018542032870e-05 1.357005758157389552e+00 1.192550400710954861e+00
1.029738054843176154e-01 6.827106302290229681e-05 1.420765027322404395e+00 1.165084050468232268e+00
1.032091814552798248e-01 6.721742881697321279e-05 1.337057728119180666e+00 1.155772178083684487e+00
1.034439824047587719e-01 6.784155240531380992e-05 1.367837338262476887e+00 1.149755424465907616e+00
1.036790446583389369e-01 6.769644679304059084e-05 1.405904059040590459e+00 1.121828873057098219e+00
1.039108473112752701e-01 6.478868293181549987e-05 1.344894026974951862e+00 1.176691471569695446e+00
1.041435991355559865e-01 6.876976636486558856e-05 1.378181818181818175e+00 1.152638367664190033e+00
1.043796853337771446e-01 6.639151268194193886e-05 1.468045112781954931e+00 1.216988774290159059e+00
1.046125879328569097e-01 6.649047237023615630e-05 1.343984962406014949e+00 1.130069810241381756e+00
1.048449497528018554e-01 6.678671360180158550e-05 1.467166979362101387e+00 1.178403687888361251e+00
1.050782436420249349e-01 6.680234379189081782e-05 1.305660377358490498e+00 1.147424251822465324e+00
1.053121578057464591e-01 6.813810244029516923e-05 1.334565619223659905e+00 1.106006277737647592e+00
1.055465828127617189e-01 6.602091647410296903e-05 1.428842504743833119e+00 1.206017830097691368e+00
1.057784850233827734e-01 6.633866725893719138e-05 1.335227272727272707e+00 1.176634903854929970e+00
1.060121054701392146e-01 6.796601729703331872e-05 1.347583643122676644e+00 1.189599790860287554e+00
1.062489964857592228e-01 6.804532742857089987e-05 1.329608938547486074e+00 1.069284056076934775e+00
1.064814477792258851e-01 6.617151051899120408e-05 1.372848948374761013e+00 1.117963273762783816e+00
1.067134525370284776e-01 6.660088521860815184e-05 1.386363636363636465e+00 1.212754332758841258e+00
1.069489685164438514e-01 6.844070374709154171e-05 1.312384473197781842e+00 1.164413339870328690e+00
1.071833396191340243e-01 6.614921031534214753e-05 1.336520076481835462e+00 1.128552590512276188e+00
1.074169666915256866e-01 6.748748480923821868e-05 1.330206378986866778e+00 1.155145015528028063e+00
1.076507130258745892e-01 6.685365476994657339e-05 1.392045454545454586e+00 1.129191381002851324e+00
1.078822248577407661e-01 6.549492787243419399e-05 1.387596899224806224e+00 1.187685699110922810e+00
1.081158030820603549e-01 6.892691260091426855e-05 1.359778597785977761e+00 1.130100534362603604e+00
1.083502519132016478e-01 6.550174513790631484e-05 1.346228239845261188e+00 1.155569620402333353e+00
1.085838887651629364e-01 6.788279140540267611e-05 1.355140186915887890e+00 1.108909125215733482e+00
1.088167529892371671e-01 6.600576014251126192e-05 1.266409266409266321e+00 1.094477123888001335e+00
1.090505526263309127e-01 6.812007346507967362e-05 1.291353383458646586e+00 1.075296408643878099e+00
1.092866482205838569e-01 6.842382848130358576e-05 1.395522388059701413e+00 1.102528281797373388e+00
1.095204794082260541e-01 6.485319910623837047e-05 1.341130604288498951e+00 1.067546489169265644e+00
1.097528862015335477e-01 6.749182814616273797e-05 1.385338345864661758e+00 1.211932354873298090e+00
1.099860225771209649e-01 6.572661825364852677e-05 1.261121856866537660e+00 1.159445000943359227e+00
1.102199794899808571e-01 6.771853003694458301e-05 1.342749529190207181e+00 1.184458631982843180e+00
1.104527673679933375e-01 6.605954367090497955e-05 1.357833655705996234e+00 1.170361420933494045e+00
1.106846995336629863e-01 6.639466551207307780e-05 1.284615384615384714e+00 1.055354058763745551e+00
1.109195593734974006e-01 6.847264593218049594e-05 1.423220973782771459e+00 1.191240879563813415e+00
1.111563010475637298e-01 6.737417664069918785e-05 1.354838709677419262e+00 1.124169522691986334e+00
1.113901732397686445e-01 6.590926552890959188e-05 1.351351351351351315e+00 1.204404245145591856e+00
1.116201801113623215e-01 6.530710990471277541e-05 1.382812500000000000e+00 1.127039438310750930e+00
1.118544392406903287e-01 6.842920462665363923e-05 1.375234521575984914e+00 1.156049696574527053e+00
1.120919882620126512e-01 6.808645466680088396e-05 1.440677966101694851e+00 1.195032116201847350e+00
1.123255119325231172e-01 6.496953905756043762e-05 1.358823529411764763e+00 1.126067352186759463e+00
1.125569423960908616e-01 6.660855058776252613e-05 1.302681992337164640e+00 1.117158861507597578e+00
1.127891651266763745e-01 6.585219533195248219e-05 1.367704280155642049e+00 1.114872569824445048e+00
1.130234059678330849e-01 6.798907267284735661e-05 1.357277882797731650e+00 1.186591565197311349e+00
1.132592717752512051e-01 6.709286710082286605e-05 1.271510516252390088e+00 1.150872158436327730e+00
1.134925261196267493e-01 6.566405257712189627e-05 1.284046692607003992e+00 1.132997496032332352e+00
1.137232837453631684e-01 6.560285114491499190e-05 1.302734375000000000e+00 1.124460726868453664e+00
1.139571109036284086e-01 6.796742105221370610e-05 1.333333333333333259e+00 1.181186699976772392e+00
1.141916071219103018e-01 6.614694266841438333e-05 1.426070038910505877e+00 1.191014291208487785e+00
1.144245089960832934e-01 6.685048664461395486e-05 1.378846153846153832e+00 1.063146774951020168e+00
1.146574952630475680e-01 6.619094374413487093e-05 1.363813229571984476e+00 1.192005421425344824e+00
1.148904160535498264e-01 6.707792820933123690e-05 1.332046332046332049e+00 1.188929044403250757e+00
1.151265174722906764e-01 6.876668888584983865e-05 1.344632768361581965e+00 1.131035254119264089e+00
1.153617816491615961e-01 6.565260628400561250e-05 1.386274509803921529e+00 1.163404567804803502e+00
1.155936763096339220e-01 6.650816827874497729e-05 1.311411992263056048e+00 1.178608563318573887e+00
1.158258315634240476e-01 6.588797587536296874e-05 1.358823529411764763e+00 1.165428573569514459e+00
1.160597319175528663e-01 6.799461765561689208e-05 1.287619047619047663e+00 1.187921067489348559e+00
1.162950314370258531e-01 6.674923210542826858e-05 1.302325581395348930e+00 1.105079476327137211e+00
1.165287100714146457e-01 6.653530395956359987e-05 1.265503875968992276e+00 1.154609461867745823e+00
1.167624675326668082e-01 6.672669288532265567e-05 1.292635658914728758e+00 1.117257726683893893e+00
1.169963813879617426e-01 6.705354536925166775e-05 1.297872340425531901e+00 1.124223808670848923e+00
1.172296699541907350e-01 6.631902832571586392e-05 1.393762183235867536e+00 1.217044162513412742e+00
1.174633317010978645e-01 6.682263370538187562e-05 1.401162790697674465e+00 1.135543158902039496e+00
1.176963758561083428e-01 6.650269296166132736e-05 1.433593750000000000e+00 1.236786237695870483e+00
1.179299254124360069e-01 6.728363660691870959e-05 1.396518375241779575e+00 1.120505422235233084e+00
1.181661083576700799e-01 6.789566897107491888e-05 1.399617590822179736e+00 1.178909257936887611e+00
1.184002669641160965e-01 6.566520377029123803e-05 1.373280943025540379e+00 1.212613717162004168e+00
1.186327021679424165e-01 6.597848618172980106e-05 1.341176470588235192e+00 1.111417105116506931e+00
1.188650719869437794e-01 6.702715015157560143e-05 1.366990291262135893e+00 1.154985668168734936e+00
1.190988067061411609e-01 6.629343627726192692e-05 1.326810176125244656e+00 1.191743867498618270e+00
1.193323897405050432e-01 6.682302270376797710e-05 1.424710424710424750e+00 1.174034078445832519e+00
1.195656510531601519e-01 6.587317906801366991e-05 1.376218323586744674e+00 1.142622818008041774e+00
1.198002489216287991e-01 6.746592986415190997e-05 1.363809523809523805e+00 1.184725156373884092e+00
1.200336589500475559e-01 6.624896294229367234e-05 1.377176015473887905e+00 1.135694687666513270e+00
1.202657768623850848e-01 6.571795768306507403e-05 1.341085271317829397e+00 1.188861481880699955e+00
1.204994510404173019e-01 6.765105501654847969e-05 1.425891181988742984e+00 1.104101676455678582e+00
1.207339951349819807e-01 6.562727713419021691e-05 1.386538461538461497e+00 1.169066283976815335e+00
1.209680956947216668e-01 6.741732215622490954e-05 1.431775700934579509e+00 1.197108345243832694e+00
1.212006880373407286e-01 6.513848631823455568e-05 1.321153846153846123e+00 1.111728091357064407e+00
1.214319994211767589e-01 6.582807741597457144e-05 1.488593155893536135e+00 1.265902758844571041e+00
1.216656057203382851e-01 6.790283688671594779e-05 1.362292051756007316e+00 1.063903677477108456e+00
1.219007843250684425e-01 6.671568653291726767e-05 1.246240601503759482e+00 1.133884070837358982e+00
1.221369572323006136e-01 6.825324584029650993e-05 1.391224862888482683e+00 1.187741396001116945e+00
1.223726009556053707e-01 6.573836356997660114e-05 1.368620037807183332e+00 1.088249416001678016e+00
1.226056442391218609e-01 6.616532013731783344e-05 1.386064030131826774e+00 1.122650665047189023e+00
1.228388051323681396e-01 6.703161226424012367e-05 1.313432835820895539e+00 1.141693489150104046e+00
1.230707296013911628e-01 6.457171094849102578e-05 1.403474903474903446e+00 1.195290969630230293e+00
1.233029183635097059e-01 6.759810128202039419e-05 1.455719557195571889e+00 1.244836559856855374e+00
1.235379854409733719e-01 6.570013406878603220e-05 1.326375711574952598e+00 1.113305549832490859e+00
1.237724597817453503e-01 6.756544521848162354e-05 1.294444444444444509e+00 1.118429601567549669e+00
1.240061498949734248e-01 6.566505030106075010e-05 1.373333333333333295e+00 1.163082931162652045e+00
1.242390821888286201e-01 6.661632460395466447e-05 1.407894736842105310e+00 1.182496671252293075e+00
1.244711632953071079e-01 6.579076840955865762e-05 1.287619047619047663e+00 1.075136441270101439e+00
1.247054517839266963e-01 6.761591240357131126e-05 1.338289962825278900e+00 1.194604907956048789e+00
1.249410059021845570e-01 6.697188855875631079e-05 1.375234521575984914e+00 1.159290986500618459e+00
1.251741761334562164e-01 6.583601426366064431e-05 1.389733840304182566e+00 1.130710514348589824e+00
1.254072382360083560e-01 6.640543300240981869e-05 1.309433962264150875e+00 1.131506146150061953e+00
1.256410482936734796e-01 6.683584359234039823e-05 1.443609022556390897e+00 1.146055575830999373e+00
1.258745257397245465e-01 6.611238233520655145e-05 1.365019011406844118e+00 1.182316930757274065e+00
1.261080103941889519e-01 6.690937462473420770e-05 1.330206378986866778e+00 1.151892059382184419e+00
1.263406670927800235e-01 6.522594346067754308e-05 1.366602687140115124e+00 1.130917356852178646e+00
1.265732414590826360e-01 6.685572305932845820e-05 1.288135593220338881e+00 1.113352777182716746e+00
1.268080548800749052e-01 6.733690508414850442e-05 1.413857677902621734e+00 1.193734666832072966e+00
1.270422367608540493e-01 6.597699196562882616e-05 1.291428571428571370e+00 1.114153838350072867e+00
1.272759152751854195e-01 6.689135984813015558e-05 1.343984962406014949e+00 1.183688272475033276e+00
1.275094590884037760e-01 6.604831116682244026e-05 1.324427480916030575e+00 1.119033589776497362e+00
1.277431018946701968e-01 6.733257125615095616e-05 1.325187969924812137e+00 1.135605953622999431e+00
1.279782552164440979e-01 6.710085433560373114e-05 1.266917293233082775e+00 1.104812321739387704e+00
1.282131041449612319e-01 6.621149459998993162e-05 1.418560606060605966e+00 1.196520101601034725e+00
1.284458066838963242e-01 6.548314267397141550e-05 1.302681992337164640e+00 1.105090040889569192e+00
1.286783609577602794e-01 6.654865817496632442e-05 1.392045454545454586e+00 1.195983363276498235e+00
1.289128241661116614e-01 6.697900382933094643e-05 1.315094339622641550e+00 1.144052990281052562e+00
1.291446660323967432e-01 6.835636986838949068e-05 1.331275720164609044e+00 1.178507709497476741e+00
1.293786085608263359e-01 6.605676840398337884e-05 1.411899313501144171e+00 1.172989319015609544e+00
1.296108774202269776e-01 6.783588626387897994e-05 1.319148936170212671e+00 1.229305328207871195e+00
1.298443923619162221e-01 6.722079102470935436e-05 1.250000000000000000e+00 1.122775578644281014e+00
1.300782666066699345e-01 6.749263575799763530e-05 1.370466321243523300e+00 1.210268867468409892e+00
1.303119143017006376e-01 6.684139813301355590e-05 1.324250681198910096e+00 1.159886327722893240e+00
1.305459241900186751e-01 6.810036271421107158e-05 1.483240223463687224e+00 1.251683426836613711e+00
1.307796783027228849e-01 6.720238230322061351e-05 1.291176470588235370e+00 1.134310759736493424e+00
1.310139024467842916e-01 6.790776888182086793e-05 1.237237237237237331e+00 1.161824566278961024e+00
1.312472894800687517e-01 6.625173267803912932e-05 1.267515923566878921e+00 1.146576430356702980e+00
1.314776668789590652e-01 6.618039329338910079e-05 1.364238410596026574e+00 1.238587656004235038e+00
1.317137024266215872e-01 7.043903276921694031e-05 1.326984126984126933e+00 1.182743137925518440e+00
1.319503540721679857e-01 6.642835643525359449e-05 1.307167235494880453e+00 1.191067602728522967e+00
1.321828723734352895e-01 6.718390404847075217e-05 1.273037542662116106e+00 1.079486090170999280e+00
1.324147834979462757e-01 6.603244305163348776e-05 1.283687943262411313e+00 1.079448001307047988e+00
1.326480411947886795e-01 6.877844789332857034e-05 1.263888888888888840e+00 1.126092576452192517e+00
1.328820802110143862e-01 6.636907368294008079e-05 1.317518248175182372e+00 1.276819484147349248e+00
1.331148138063605602e-01 6.785609440944978998e-05 1.315217391304347894e+00 1.081617321535552900e+00
1.333495643154704868e-01 6.741119029024297674e-05 1.362962962962962932e+00 1.228960103310162255e+00
1.335835372037798285e-01 6.759745300131219899e-05 1.332075471698113134e+00 1.197654049589910397e+00
1.338176466306949530e-01 6.831218422516185137e-05 1.215909090909090828e+00 1.065842053845951876e+00
1.340512797922887300e-01 6.599048480043925120e-05 1.385826771653543288e+00 1.215993814656106675e+00
1.342814461297319739e-01 6.559979566974010292e-05 1.366935483870967749e+00 1.116185552363444966e+00
1.345160483007357966e-01 6.963532972159798605e-05 1.280155642023346196e+00 1.131626956957720420e+00
1.347536796152505323e-01 6.810829448341578071e-05 1.259109311740890691e+00 1.062188012513997526e+00
1.349871276635005723e-01 6.677996814749840085e-05 1.337499999999999911e+00 1.160100570352991634e+00
1.352194676899014514e-01 6.661700689138378795e-05 1.362869198312236296e+00 1.147656055857434687e+00
1.354521481550482465e-01 6.703309091722472405e-05 1.291845493562231661e+00 1.159854867218309105e+00
1.356860453582514059e-01 6.856354300475121723e-05 1.170940170940170999e+00 1.042542366954259725e+00
1.359211357373890650e-01 6.716967141125949588e-05 1.268722466960352513e+00 1.110376869749147843e+00
1.361540064088500035e-01 6.678503458520554067e-05 1.156950672645739919e+00 1.101697990588421883e+00
1.363867967184397567e-01 6.692559243115627019e-05 1.214611872146118765e+00 1.130983032791589293e+00
1.366219029817275776e-01 6.946138516611432591e-05 1.189189189189189255e+00 9.846644904500955198e-01
1.368567259414371073e-01 6.686962625770076724e-05 1.344339622641509413e+00 1.155804765720134020e+00
1.370879062713149799e-01 6.563798020853460155e-05 1.270531400966183666e+00 1.007509899609387416e+00
1.373197126983267125e-01 6.725671536427617889e-05 1.333333333333333259e+00 1.182262902935981685e+00
1.375555620768925402e-01 6.925260661464505163e-05 1.311004784688995173e+00 1.161783181848633717e+00
1.377899351687938978e-01 6.618070308676317348e-05 1.421319796954314763e+00 1.088592852832173330e+00
1.380219266012210066e-01 6.752809196460790695e-05 1.125628140703517577e+00 1.068001761199486532e+00
1.382545611228954419e-01 6.572577943118536358e-05 1.282722513089005201e+00 1.102153310774749650e+00
1.384888270319775960e-01 6.920592491137856391e-05 1.188775510204081565e+00 1.003066933776596059e+00
1.387251204069650523e-01 6.776599831776989474e-05 1.264550264550264647e+00 1.221580719896322664e+00
1.389591668919520073e-01 6.693609892524315735e-05 1.340540540540540615e+00 1.136344272363071894e+00
1.391904057199591371e-01 6.569416018844522961e-05 1.150837988826815650e+00 1.041266451419601724e+00
1.394227790925808841e-01 6.774421325864447493e-05 1.188888888888888884e+00 1.050837408574352150e+00
1.396572113000431603e-01 6.854202640791657957e-05 1.174157303370786609e+00 1.113692312466787904e+00
1.398913498476041517e-01 6.688348527294887597e-05 1.167630057803468180e+00 1.040526651839287053e+00
1.401247906031993506e-01 6.646051683429370267e-05 1.270588235294117574e+00 1.139720113763139642e+00
1.403591895729549288e-01 6.805811419343037823e-05 1.396449704142011861e+00 1.140523910358036019e+00
1.405953485464094266e-01 6.905228462272873535e-05 1.482142857142857206e+00 1.193804870163968301e+00
1.408299829100064793e-01 6.644350311483485528e-05 1.237500000000000044e+00 1.162466397363812520e+00
1.410591665228413116e-01 6.501076246847150089e-05 1.238709677419354893e+00 1.122803092531979408e+00
1.412893301143412494e-01 6.674759269244742439e-05 1.277419354838709609e+00 1.164940499925333661e+00
1.415237124881587039e-01 6.927971403152424041e-05 1.267515923566878921e+00 1.082671404572371765e+00
1.417608398927272528e-01 6.767011984472880734e-05 1.065789473684210620e+00 1.040014849137545605e+00
1.419948711733081126e-01 6.643728084900887214e-05 1.231292517006802756e+00 1.008020039951612823e+00
1.422257950142377936e-01 6.614300048882033553e-05 1.167832167832167922e+00 9.934747248672564091e-01
1.424611599372695714e-01 6.976859826068063314e-05 1.312925170068027114e+00 1.301277152204681098e+00
1.426969880138435620e-01 6.713456917550140600e-05 1.129496402877697925e+00 1.101988265716812521e+00
1.429290483303200521e-01 6.598668785333661462e-05 1.250000000000000000e+00 1.302570987113788048e+00
1.431615992067113707e-01 6.674925674210528508e-05 1.089552238805970186e+00 1.113066643795802779e+00
1.433977864542690939e-01 6.958273395422789138e-05 1.147058823529411686e+00 9.784662455964568961e-01
1.436356797294852938e-01 6.762859419149515740e-05 1.292307692307692379e+00 1.215871372829491648e+00
1.438647788032675900e-01 6.395074090213278628e-05 1.247933884297520724e+00 1.112698742041287270e+00
1.440939223050132778e-01 6.721088340672915884e-05 1.032000000000000028e+00 1.007587217068576457e+00
1.443302270800670972e-01 6.810715064994765275e-05 1.081300813008130079e+00 1.112633631995808559e+00
1.445647386873331885e-01 6.765147823845471715e-05 1.260504201680672232e+00 1.053943670259706922e+00
1.448001674656267668e-01 6.812041505588835896e-05 1.237288135593220373e+00 1.091543846565236509e+00
1.450305141697986189e-01 6.417457142913943864e-05 1.155963302752293531e+00 9.650050489764921968e-01
1.452619539705164164e-01 6.860711380950888425e-05 1.052631578947368363e+00 9.676198058342224684e-01
1.454988966656826088e-01 6.757751339465679083e-05 1.385321100917431103e+00 1.121932453372367799e+00
1.457319267282644326e-01 6.746225896059649557e-05 1.264150943396226356e+00 1.243351847348422634e+00
1.459689564871680389e-01 6.919146774834719811e-05 1.140186915887850372e+00 1.023268463040821974e+00
1.462029517945844237e-01 6.518587451146425451e-05 1.377551020408163351e+00 1.108446988897981544e+00
1.464348845068329241e-01 6.893025110561780433e-05 1.188118811881188064e+00 1.145865842311231786e+00
1.466710325229612644e-01 6.703672746630305742e-05 1.020833333333333259e+00 1.075189744236388023e+00
1.469003469776316018e-01 6.495976429229445050e-05 1.175824175824175866e+00 1.029043284273360559e+00
1.471326263642964982e-01 6.784892292542188277e-05 1.301075268817204256e+00 1.204253071239888451e+00
1.473683745226096187e-01 6.734190408583911583e-05 1.123595505617977608e+00 1.042706315336644707e+00
1.476018743975685277e-01 6.760693685313507080e-05 1.229885057471264309e+00 1.096662564580487498e+00
1.478377306130267688e-01 6.772451548086767131e-05 8.823529411764705621e-01 8.792100890133354163e-01
1.480669483097254435e-01 6.431970194966852195e-05 1.358974358974359031e+00 1.139656337694542554e+00
1.482973419064994303e-01 6.861360276277018620e-05 1.160493827160493874e+00 1.066169294191808392e+00
1.485364113895124294e-01 6.936560494550093024e-05 1.000000000000000000e+00 8.787217413573976676e-01
1.487716162219679672e-01 6.677093946461412058e-05 9.729729729729730270e-01 9.366337000628897069e-01
1.490077522787839059e-01 6.871676643346850033e-05 8.783783783783783994e-01 8.284125472429242354e-01
1.492393961896789634e-01 6.506416229580026540e-05 1.104477611940298587e+00 1.060647045041186454e+00
1.494701913811684602e-01 6.907736733736162202e-05 1.246376811594202882e+00 1.077153865278958733e+00
1.497045353405743462e-01 6.634691779689233710e-05 1.140625000000000000e+00 1.006812730849188098e+00
1.499337638884900847e-01 6.630672807533855592e-05 1.306451612903225756e+00 1.260337070682987060e+00
1.501708286181911156e-01 6.972377942578611605e-05 1.126984126984126977e+00 1.054928803067508580e+00
1.504045133699344061e-01 6.505456575143086920e-05 1.214285714285714191e+00 1.185047144502647143e+00
1.506393971018608890e-01 7.070153912039902559e-05 1.050847457627118731e+00 1.072762196504858379e+00
1.508747560046925229e-01 6.361798606692725948e-05 1.254901960784313708e+00 1.195917700547208362e+00
1.511033451723478305e-01 6.822425875258773191e-05 1.192307692307692291e+00 1.085474291666929547e+00
1.513430592404528541e-01 6.953071659907809779e-05 1.215686274509803821e+00 8.383356206443902670e-01
1.515751618564359637e-01 6.342734358875888579e-05 1.000000000000000000e+00 1.138180365958992191e+00
1.518045724547506525e-01 6.938126820492401424e-05 1.065217391304347894e+00 1.214670873452087019e+00
1.520480234761667215e-01 6.976967995741814512e-05 1.272727272727272707e+00 1.206045378311054295e+00
1.522777008011769462e-01 6.272216552833166940e-05 1.054054054054053946e+00 1.077358455567283713e+00
1.525061322319957446e-01 6.929360622917626303e-05 1.205128205128205066e+00 1.127330663434903180e+00
1.527427011500204213e-01 6.666422581467422144e-05 1.257142857142857117e+00 1.194545426306678371e+00
1.529726548169981215e-01 6.665749530051660659e-05 1.151515151515151603e+00 8.772190803715227414e-01
1.532134048917648539e-01 7.071407902998622368e-05 9.696969696969697239e-01 9.837989745907834704e-01
1.534434790603389775e-01 6.011232516833131041e-05 6.538461538461538547e-01 8.444037846192367081e-01
1.536710418380370924e-01 6.976616835160736295e-05 1.142857142857142794e+00 1.203735681882337261e+00
1.539149550629408947e-01 6.925196045819559246e-05 8.800000000000000044e-01 9.277930803794560699e-01
1.541445478244997391e-01 6.478862577215637321e-05 7.619047619047618625e-01 1.036740050337011443e+00
1.543780235396354228e-01 7.053413531437874686e-05 2.000000000000000000e+00 1.999999999999999778e+00
1.546059873932826012e-01 5.909742656752603256e-05 1.375000000000000000e+00 1.438858054152667210e+00
1.548370283320493757e-01 7.086429496304842972e-05 1.352941176470588314e+00 1.265731458314707014e+00
1.550799786572540917e-01 6.540043890405022008e-05 1.538461538461538547e+00 1.201576873216408492e+00
1.553036635055988490e-01 6.758474544596143726e-05 8.181818181818182323e-01 1.146320019356226405e+00
1.555456416189227586e-01 7.341490814454251594e-05 4.000000000000000222e-01 6.928203230275510327e-01
1.557790343018141677e-01 5.399834121423047510e-05 0.000000000000000000e+00 0.000000000000000000e+00
1.559999688717171595e-01 6.566134794291481655e-05 4.000000000000000222e-01 5.656854249492381248e-01
1.562567987100282052e-01 8.033505465450464550e-05 0.000000000000000000e+00 0.000000000000000000e+00
