# q qerr I(q) I(q)err
3.001749291795529316e-03 1.167853270244704247e-04 4.832666666666666515e+02 3.239644500387178141e+02
3.216946015612575076e-03 6.406021311444656113e-05 1.055362318840579746e+03 6.646747630553774115e+02
3.430819248455692968e-03 7.252053699931147659e-05 9.400919540229884888e+02 5.922105807158002335e+02
3.672101494117159613e-03 7.545375631879780269e-05 7.481717171717172050e+02 4.291109702314570313e+02
3.918307832378639319e-03 7.374016049620304720e-05 5.784205607476635578e+02 2.736696366968502616e+02
4.147718136434350687e-03 6.107192035677698103e-05 4.390842105263158146e+02 1.348719630857087850e+02
4.365502826808959243e-03 6.779080658174564808e-05 3.483271028037383417e+02 6.759402440717441607e+01
4.594999596112334626e-03 7.420628290313399807e-05 2.965121951219512084e+02 4.489728511378984877e+01
4.835936192065706969e-03 7.320149930589021881e-05 2.489603174603174693e+02 2.726002974074614471e+01
5.080814687701338921e-03 7.653000632488168636e-05 2.214652777777777715e+02 2.147208971139217937e+01
5.317078266608570546e-03 6.172106439101172914e-05 1.939268292682926926e+02 1.724294796176269529e+01
5.551471060931053268e-03 7.668524467813574576e-05 1.770493827160493936e+02 1.545656085894735909e+01
5.788366925541485984e-03 6.194770960560404868e-05 1.610222222222222115e+02 1.361425058275486499e+01
6.009776342023025880e-03 6.950277321810145736e-05 1.508193548387096712e+02 1.307392413147749899e+01
6.247094567316056890e-03 7.317752475420629581e-05 1.389707602339181278e+02 1.354607138866052551e+01
6.480842620397410207e-03 6.691741107424957404e-05 1.289056603773584868e+02 1.131773544643350782e+01
6.718305882023165379e-03 7.577205940640407739e-05 1.208928571428571388e+02 1.189701618764538082e+01
6.954283760887284942e-03 6.032943043655961634e-05 1.144662576687116626e+02 1.126998039607405033e+01
7.176272274730767682e-03 6.864708281211200774e-05 1.087553191489361666e+02 1.062100988907503840e+01
7.411440332622126065e-03 7.201436331295212967e-05 1.038050000000000068e+02 9.709582895263832114e+00
7.640547325048651327e-03 6.719666067278881421e-05 9.998936170212765262e+01 1.006097582221758024e+01
7.880909625388352394e-03 7.780078248694467205e-05 9.307203389830507945e+01 9.435069691035208095e+00
8.119534573631228755e-03 6.182975050629921810e-05 9.130890052356021158e+01 9.581855608861781448e+00
8.341212846027333885e-03 7.037901862628595019e-05 8.753424657534246478e+01 9.698662384178778240e+00
8.584257463478678699e-03 7.672081168970473167e-05 8.749800796812749581e+01 9.914022226170603247e+00
8.826919166718070683e-03 6.518131950376178396e-05 8.507305936073059627e+01 9.428390070059256445e+00
9.051576779129599792e-03 7.018745924619574326e-05 8.292083333333333428e+01 9.020443602050718823e+00
9.278754197832399936e-03 6.574873290523112796e-05 8.129515418502202806e+01 8.054473084483678491e+00
9.511181178050998053e-03 7.470724405325664997e-05 8.020149253731342753e+01 9.348022557180804881e+00
9.756331684265373561e-03 7.268311501543828993e-05 7.966666666666667140e+01 8.744875042341822891e+00
9.992460030236703650e-03 6.501341219802315996e-05 7.882142857142856940e+01 8.738208770509364953e+00
1.021767907988490980e-02 6.882116667024825156e-05 7.859550561797752266e+01 9.253991974387092867e+00
1.044627826021552429e-02 6.776641009522302674e-05 7.851515151515151558e+01 8.207178709468070821e+00
1.067941769640304468e-02 7.427835917673683769e-05 7.854180602006688616e+01 9.102678724920917119e+00
1.092103363594707117e-02 6.948634926740279217e-05 7.792808219178081686e+01 8.587466537634787400e+00
1.115205959515964615e-02 6.613677834257579403e-05 7.765371024734982086e+01 9.132266662635446508e+00
1.138090927839274270e-02 7.036315799772670850e-05 7.750000000000000000e+01 7.902260669214254740e+00
1.161908717993895106e-02 7.230519164610463203e-05 7.706329113924050489e+01 8.930781194719592975e+00
1.185129732832000682e-02 6.908715592862023315e-05 7.701298701298701133e+01 8.342692781936152713e+00
1.208558089049110301e-02 7.062077464939989495e-05 7.747400611620794564e+01 8.933153563752844306e+00
1.231793957662911075e-02 6.797072397413507841e-05 7.719620253164556800e+01 8.492183980096202234e+00
1.255104362664789287e-02 7.284146348496770690e-05 7.679885057471264531e+01 8.637780950203088892e+00
1.278854709885444453e-02 6.836902354776895477e-05 7.572891566265060703e+01 8.644123870343776161e+00
1.301955791686103432e-02 7.052250088700313892e-05 7.620170454545454675e+01 8.952031365748620573e+00
1.325028003696187423e-02 6.572913682214379116e-05 7.599397590361445509e+01 8.390682929489438280e+00
1.348330464865910884e-02 7.403947498893654331e-05 7.411315789473684390e+01 8.928111630424350409e+00
1.372355777471481568e-02 7.011324266142941383e-05 7.350408719346049224e+01 8.024697564293248320e+00
1.396363525470880468e-02 7.100822662538032210e-05 7.272938144329896204e+01 7.956277822327217031e+00
1.419611930545690293e-02 6.442105916470620042e-05 7.053089887640449263e+01 8.604805133172760634e+00
1.442295386479172138e-02 6.909816387485589995e-05 7.149210526315789593e+01 8.223917049335369711e+00
1.465427040331478310e-02 7.032050413528805792e-05 6.889769820971866920e+01 8.006519981637737260e+00
1.488826669148199562e-02 6.870854531503662287e-05 6.744810126582278542e+01 8.038378540636795577e+00
1.512493372137564684e-02 7.038106039296808131e-05 6.541849148418491211e+01 8.120958730123005509e+00
1.535996817115549591e-02 6.948886920014566576e-05 6.490931372549019329e+01 8.209653858381175340e+00
1.559107684366512793e-02 6.926322144844645774e-05 6.237250000000000227e+01 7.741425902248237456e+00
1.582030048556574975e-02 6.778990216657608829e-05 6.150904392764857676e+01 8.348084214485794519e+00
1.604934829520379691e-02 6.632072085052491666e-05 5.929581151832460506e+01 8.222506004854176709e+00
1.628904364851086611e-02 7.370425539511840857e-05 5.840855106888361092e+01 7.168507559787391514e+00
1.652925296731121152e-02 6.866669088367037858e-05 5.648195876288659889e+01 7.295909684119066263e+00
1.676290647126136429e-02 6.841736000850834820e-05 5.574168797953964116e+01 7.601428754837287194e+00
1.698898227523908816e-02 6.513545783602395407e-05 5.588679245283018560e+01 7.376500181007852319e+00
1.721559450095504207e-02 6.815141817037284600e-05 5.496124031007752109e+01 7.004129428897455156e+00
1.745425431013439971e-02 7.361591577158020986e-05 5.464845605700712383e+01 7.230941031477056136e+00
1.769237993647997109e-02 6.752629516254465077e-05 5.536269430051813600e+01 7.113547152347659441e+00
1.792581344598703774e-02 6.995690167491317953e-05 5.492098765432098872e+01 6.964529637249727401e+00
1.815810556613557669e-02 6.785108792352181407e-05 5.473401534526854562e+01 6.805870718990647994e+00
1.839232362436072146e-02 7.095327149885457684e-05 5.521515892420537597e+01 7.475515236610608127e+00
1.863037138017983527e-02 7.115596482089993704e-05 5.548803827751196138e+01 7.385153902058741338e+00
1.886280557207787104e-02 6.449751950033663162e-05 5.530548302872063005e+01 7.238669721971139559e+00
1.909573960115521288e-02 7.170118321703184772e-05 5.537762237762238016e+01 7.102020920764797296e+00
1.933100079269604518e-02 6.740791281490355268e-05 5.516161616161615910e+01 6.849909345012854089e+00
1.956643258492160933e-02 7.263834258317552345e-05 5.562672811059908184e+01 7.443977660821546216e+00
1.980140115393233882e-02 6.562685565221032481e-05 5.529323308270677018e+01 7.476946182537122176e+00
2.002553894851007155e-02 6.516318768203393532e-05 5.459848484848485128e+01 7.249827161951910348e+00
2.025791866108470757e-02 7.136486459924699065e-05 5.418764302059496885e+01 7.151962959702788503e+00
2.049506424590396420e-02 6.900197405484374000e-05 5.421241050119331817e+01 6.995448209123375172e+00
2.073118625762118000e-02 7.052247030088847036e-05 5.428899082568807444e+01 7.369954524586304068e+00
2.096357000287297698e-02 6.647394664901699988e-05 5.325362318840579690e+01 7.382840659521154869e+00
2.119430833328746558e-02 6.961349209216719826e-05 5.357476635514018426e+01 7.243137622868281333e+00
2.143145413784678169e-02 7.298555940605846982e-05 5.331072210065645578e+01 7.606744126161439468e+00
2.167047737296409413e-02 6.691391229536730319e-05 5.211007025761124112e+01 7.602837010259166028e+00
2.189928641736541004e-02 6.715504648428360229e-05 5.223076923076923350e+01 6.918840972939175771e+00
2.212935186570120366e-02 6.857374351609249376e-05 5.151025056947608505e+01 7.511147997726531855e+00
2.236393702227972707e-02 6.998460737683496991e-05 5.035201793721972763e+01 7.578303524467363772e+00
2.259777835583483968e-02 6.986464902764970590e-05 5.103318584070796504e+01 7.240730326410526274e+00
2.283319440761695171e-02 6.790936196889400258e-05 5.014125560538116844e+01 6.992988505226467311e+00
2.306264206423920202e-02 6.694360958493462607e-05 5.000681818181818272e+01 6.896142921233767709e+00
2.329708818082978222e-02 7.159338094189254982e-05 5.004033970276008603e+01 7.167139255442224410e+00
2.353543375433993223e-02 6.985578503684801541e-05 4.888017429193899943e+01 7.161883152075565029e+00
2.377007062717483368e-02 7.009305664980517553e-05 4.937739872068230085e+01 7.060744330550920544e+00
2.400302358301376407e-02 6.597292527615178370e-05 4.854157303370786281e+01 6.786142931882059415e+00
2.423507457935474702e-02 7.157919103467260530e-05 4.902272727272727337e+01 6.578165222991647632e+00
2.447096161315339205e-02 6.736211404920262771e-05 4.849455337690631751e+01 6.797608021053060945e+00
2.470427111069508144e-02 6.982655739072169126e-05 4.871101871101870984e+01 6.772443648493652546e+00
2.493809997853204188e-02 6.775469533352249248e-05 4.849893390191897424e+01 6.610992396826794959e+00
2.517118618717203993e-02 6.980743985615223796e-05 4.866170212765957359e+01 6.995419829906569298e+00
2.540636145408604191e-02 6.938193712001703524e-05 4.787111111111111228e+01 6.880309352792462363e+00
2.563827354025385516e-02 6.629623788449823620e-05 4.771962616822430192e+01 7.078015649097357809e+00
2.586948195348701476e-02 6.770189532135148904e-05 4.766743648960738966e+01 6.946143577752720510e+00
2.609745587984336687e-02 6.509333995869156359e-05 4.774019607843137436e+01 6.926115854813182260e+00
2.633484837400032474e-02 7.348807666944635701e-05 4.739207048458149529e+01 6.886365819090439544e+00
2.657557098811626564e-02 6.881179166339853475e-05 4.692619047619047734e+01 7.219952198634482343e+00
2.680365379537597362e-02 6.422825624438124588e-05 4.592602040816326792e+01 6.644926830466787671e+00
2.703234577850367401e-02 6.946685782169436285e-05 4.582897862232778863e+01 6.950027843794927662e+00
2.726970666685900324e-02 6.993093227310868997e-05 4.552969121140142761e+01 6.828473388312382930e+00
2.750750127458209335e-02 6.961999393279447927e-05 4.542142857142857082e+01 6.937103239864909732e+00
2.774064166089718064e-02 6.699331928476430444e-05 4.464676616915422613e+01 7.153346564379641670e+00
2.797286317169397213e-02 6.855334754057274232e-05 4.456127450980392268e+01 6.741921347821230093e+00
2.820747942598401947e-02 7.000105603626221500e-05 4.487378640776699257e+01 6.580773459058268493e+00
2.843871508024181996e-02 6.660692948204320466e-05 4.407948717948718098e+01 6.619825581522752245e+00
2.867376841695860532e-02 7.113061539282546195e-05 4.363033175355450055e+01 6.568624634277564489e+00
2.890771417331186935e-02 6.480505975226419921e-05 4.296858638743455572e+01 6.203906813143571952e+00
2.913907964587559782e-02 7.035121785828480224e-05 4.340196078431372229e+01 6.256267522581652862e+00
2.937603130710666338e-02 7.051255909955699420e-05 4.264778325123153024e+01 6.440191072835028230e+00
2.960814043237767687e-02 6.584026763423021398e-05 4.230183727034120977e+01 6.754524205833783768e+00
2.983961579365264002e-02 6.983920439112704980e-05 4.249144254278728283e+01 6.381649940986825698e+00
3.007086711816524260e-02 6.649470887843013508e-05 4.205614973262031953e+01 6.287641091504970525e+00
3.030849094681176484e-02 7.199344525738288452e-05 4.155729166666666430e+01 6.340654391463012018e+00
3.054989504902336575e-02 6.904743658252054722e-05 4.160724233983287235e+01 6.436583379804123872e+00
3.078165236014722417e-02 6.430462589111944952e-05 4.044171779141104395e+01 6.456754288194911595e+00
3.100904415161786359e-02 6.891371557748558090e-05 4.071976401179941263e+01 6.433021683450366623e+00
3.124378004707335788e-02 6.802347259085625550e-05 4.012195121951219789e+01 6.601284959550844711e+00
3.148005278710188509e-02 6.963790735804129299e-05 3.934534534534534345e+01 6.199542420058920200e+00
3.171371101549351479e-02 6.491098522060580905e-05 3.945454545454545325e+01 6.305485702225335665e+00
3.194253270530488659e-02 6.643720727097939297e-05 3.920327868852459119e+01 5.884851349850400482e+00
3.217772739409639066e-02 7.207253078604244857e-05 3.876543209876543017e+01 5.822195258526659423e+00
3.241258335410790448e-02 6.484611046219248903e-05 3.901742160278745786e+01 6.207764698831512717e+00
3.264445272271138121e-02 7.067815627986795619e-05 3.781410256410256210e+01 5.963304466851035990e+00
3.288009324972624575e-02 6.514072171913584642e-05 3.793684210526316036e+01 5.968572664307846942e+00
3.311251835395861987e-02 6.923154512368420417e-05 3.757823129251701033e+01 6.425205179911480435e+00
3.334620240946842284e-02 6.906008769013418584e-05 3.726736111111111427e+01 5.722664660619320109e+00
3.358123372194379841e-02 6.790165455744005493e-05 3.668214285714285694e+01 6.099588059024635633e+00
3.381409346726198945e-02 6.946853510284985394e-05 3.690492957746479163e+01 6.033164804973869977e+00
3.405235163866184023e-02 6.660978410321308902e-05 3.643706293706294019e+01 5.627978371028971694e+00
3.428443415797702287e-02 7.014504093919582688e-05 3.621698113207547465e+01 6.391879007161961113e+00
3.451790515064617759e-02 6.752790833138901940e-05 3.554746835443037867e+01 5.853116513534157406e+00
3.475058674309065149e-02 6.860561414856442648e-05 3.540061162079510382e+01 5.797795766244663085e+00
3.498255247524993672e-02 6.949851211445105619e-05 3.505074626865671661e+01 5.774671421731255805e+00
3.521787450520567214e-02 6.928285379750772884e-05 3.484210526315789735e+01 5.917146209742236707e+00
3.545148567192742128e-02 6.819735758945621247e-05 3.467543859649122595e+01 6.058595248279642576e+00
3.568299999600531985e-02 6.771859016455015492e-05 3.362028985507246404e+01 5.493310361444924794e+00
3.591626020472690056e-02 6.847219215976182126e-05 3.409116809116809321e+01 6.046159994691408635e+00
3.615098875833893527e-02 7.052968595604587306e-05 3.346831955922864665e+01 5.466616439958662532e+00
3.638614682571900127e-02 6.820923678434241515e-05 3.290395480225988933e+01 5.845380236354865922e+00
3.661805186382561389e-02 6.907515541028400551e-05 3.311570247933884303e+01 5.892109912764416535e+00
3.685317606104113880e-02 6.904996252045599340e-05 3.239130434782608603e+01 5.620721435171453173e+00
3.708883642168768480e-02 6.873622836593106498e-05 3.206486486486486598e+01 5.661751259037358430e+00
3.732239511597464088e-02 6.812675490547725891e-05 3.223577235772357596e+01 5.481361267743847243e+00
3.755463123269808107e-02 6.778877579542675561e-05 3.138315217391304301e+01 5.614509225825611516e+00
3.778670279175407737e-02 6.944847979951479207e-05 3.144827586206896441e+01 5.989533234665086248e+00
3.802298536488796232e-02 7.020534180361206209e-05 3.123896103896104037e+01 5.400638381085939521e+00
3.825885045270431550e-02 6.844491048717255130e-05 3.045931758530183586e+01 5.179476645436612792e+00
3.849029289296715395e-02 6.652498920162236353e-05 3.029599999999999937e+01 5.001983606530512994e+00
3.872248042820892328e-02 6.790361104831614330e-05 3.029274611398963657e+01 5.224050707139000771e+00
3.895386220490307250e-02 6.719082682281010037e-05 2.987335092348284959e+01 5.497371450380463820e+00
3.918674717410664671e-02 7.000314829290660062e-05 2.988860759493670827e+01 5.197123679125986939e+00
3.942407118577949399e-02 7.012279782529274620e-05 2.910918114143920477e+01 5.506663054187414197e+00
3.965683877455637024e-02 6.593437650155711338e-05 2.864155844155844122e+01 5.066615105980231348e+00
3.988742774945142761e-02 6.864886435371258416e-05 2.895285359801488667e+01 5.267310365947369455e+00
4.012278533538721215e-02 6.997066240485112700e-05 2.838164251207729549e+01 5.267272512760357017e+00
4.035757945334737112e-02 6.763234382336403173e-05 2.810148514851485047e+01 5.261700915098561637e+00
4.059262090047784100e-02 7.047756166092368556e-05 2.814953271028037207e+01 5.194933602890419166e+00
4.082512016076288858e-02 6.496092607463988043e-05 2.769269521410579316e+01 5.275818489470741390e+00
4.105717491102069128e-02 7.111181249420595236e-05 2.755353075170842914e+01 5.324128589245503917e+00
4.129381576814993016e-02 6.732684386414472533e-05 2.669999999999999929e+01 5.207800925168939443e+00
4.152473579130346731e-02 6.726668318915885337e-05 2.710377358490566024e+01 5.068059836769683635e+00
4.175787959977999425e-02 6.911235940839533670e-05 2.622146118721461150e+01 5.424395201442499648e+00
4.199237839299468922e-02 6.860112016482474860e-05 2.584792626728110676e+01 5.210281191255759836e+00
4.222717975068539242e-02 7.045110183040372183e-05 2.557964601769911539e+01 4.957722230119278706e+00
4.246249924109424950e-02 6.709506009279194230e-05 2.557894736842105132e+01 5.157497766445240828e+00
4.269335040669582776e-02 6.700621335665329654e-05 2.513211845102505748e+01 4.963986303253404841e+00
4.292717084091476204e-02 6.896437123237502613e-05 2.522123893805309791e+01 5.254811816206648167e+00
4.316007288560289035e-02 6.735835804845247382e-05 2.488610478359908740e+01 4.860043810549828258e+00
4.339440191910803879e-02 7.037245596857638261e-05 2.470779220779220609e+01 5.076100469315809605e+00
4.363144753970988471e-02 6.826143681517027339e-05 2.428824833702882557e+01 4.937933166499359317e+00
4.386107962274469335e-02 6.624164794214468591e-05 2.429357798165137439e+01 5.003832383652881077e+00
4.409573705596323001e-02 7.170940769140793695e-05 2.351572327044025101e+01 4.846630548156002583e+00
4.433534367545302612e-02 6.775590854826653211e-05 2.359429824561403422e+01 4.641427552272217483e+00
4.456682912223779158e-02 6.610492296161660122e-05 2.336160714285714235e+01 4.699159606191757099e+00
4.479780304487864656e-02 6.786442677967826091e-05 2.342013129102844715e+01 4.775657394781087639e+00
4.503013318854280633e-02 6.853635641818868680e-05 2.291067538126361569e+01 4.746802241127001665e+00
4.526436263630335272e-02 6.918514626283685297e-05 2.216274089935760117e+01 4.801363660806703848e+00
4.549984770861909000e-02 6.833630877532204714e-05 2.220128479657387643e+01 4.798572350572626100e+00
4.573057769171592901e-02 6.540293680537103750e-05 2.202004454342984374e+01 4.934501877919448276e+00
4.596282480080345761e-02 6.990247096589263711e-05 2.152301255230125676e+01 4.760974961348552803e+00
4.619732296389236076e-02 6.786250507108923557e-05 2.138961038961038952e+01 4.619097319157959625e+00
4.643258444511101646e-02 7.033191385126720280e-05 2.099381443298969074e+01 4.525295515265082003e+00
4.666845704786030252e-02 6.692058153033048496e-05 2.099353448275861922e+01 4.252274781162022954e+00
4.689934413756127740e-02 6.802189408205146866e-05 2.104670912951167594e+01 4.478782038971309554e+00
4.713438507358027468e-02 6.944147399833233919e-05 2.046280991735537214e+01 4.594461584214392325e+00
4.736795136815064727e-02 6.656957436849283657e-05 2.095717344753747469e+01 4.220907643239619311e+00
4.759859747438226207e-02 6.769763208725077138e-05 2.011789473684210350e+01 4.309967832209592231e+00
4.783274694655795245e-02 6.928267493286968941e-05 2.004536082474226788e+01 4.180723417566200695e+00
4.806634396749334681e-02 6.807281927440189521e-05 1.958786610878660994e+01 4.391747083648587235e+00
4.830248047396420996e-02 6.966332651828869844e-05 1.968548387096774022e+01 4.273092143544489296e+00
4.853643200824572096e-02 6.606102041943429451e-05 1.928118393234672467e+01 4.338451833876114883e+00
4.876414520816241271e-02 6.613248851928526920e-05 1.909766454352441656e+01 4.019750891591271191e+00
4.899792577344610350e-02 7.109046729717630826e-05 1.927920792079207857e+01 4.334277582316627964e+00
4.923470399315162116e-02 6.843725681761876167e-05 1.890946502057613188e+01 4.098811914060400241e+00
4.947209300203903731e-02 7.062440267994869150e-05 1.857925636007827919e+01 4.440764592268654276e+00
4.970767414357019076e-02 6.568520737628115111e-05 1.785177453027139904e+01 4.246656001435638039e+00
4.993955421601320444e-02 6.870069007268534431e-05 1.803807615230460826e+01 4.125368661307791562e+00
5.017343134654914799e-02 6.784437425331957467e-05 1.806060606060606233e+01 4.082048016445982697e+00
5.040364307755263590e-02 6.549987049623397846e-05 1.796881496881496787e+01 4.220162730380917715e+00
5.063525219032424807e-02 6.906177440634427543e-05 1.742885375494071099e+01 4.303543807862460824e+00
5.087248401921887209e-02 6.982607771126056830e-05 1.718039215686274446e+01 3.977531088039979679e+00
5.110824603904627617e-02 6.828347019243583200e-05 1.703193612774451182e+01 4.019543314762159092e+00
5.134041616444540157e-02 6.749734166748146504e-05 1.687800000000000011e+01 4.079812740800735860e+00
5.157233759481640728e-02 6.701141620730611365e-05 1.653907815631262679e+01 4.096170324935009432e+00
5.180603234918396832e-02 6.902301690403682475e-05 1.651461988304093609e+01 3.940259283074682539e+00
5.204093912643181080e-02 6.858285367200194556e-05 1.627701375245579740e+01 3.924688386177632271e+00
5.227550176404114485e-02 6.841128413638082530e-05 1.629044834307992318e+01 4.005360356963020507e+00
5.250874134631969281e-02 6.710124584087647154e-05 1.584023668639053284e+01 3.874230701337676219e+00
5.273983379343173683e-02 6.699865505256583098e-05 1.570178926441351841e+01 4.125990495919539036e+00
5.297309563147201833e-02 7.004200559247158596e-05 1.562049335863377664e+01 3.980912514722900308e+00
5.320870841843343413e-02 6.736639692893721994e-05 1.568688845401174170e+01 4.024773830379326789e+00
5.344158726524587955e-02 6.810737650478912789e-05 1.526011560693641655e+01 3.816893921431095293e+00
5.367526270033567970e-02 6.805918753122887452e-05 1.480924855491329417e+01 3.736227078905543841e+00
5.391026527670270824e-02 6.883326900963864436e-05 1.481558935361216811e+01 3.705388060385768512e+00
5.414369868353056253e-02 6.749358219613563344e-05 1.440077071290944133e+01 3.809288025969338687e+00
5.437486949081267451e-02 6.641570492905651368e-05 1.466926070038910446e+01 3.940324202962050215e+00
5.460633195359332337e-02 6.803263502740879241e-05 1.394486692015209073e+01 3.540463012298468382e+00
5.484155575107002578e-02 6.931669974032373370e-05 1.434269662921348321e+01 3.865391727725656867e+00
5.507758596231705078e-02 6.905344121730599505e-05 1.375422138836773023e+01 3.796551516937308968e+00
5.531123208233620220e-02 6.772891677133621323e-05 1.384280303030303116e+01 3.463498913601372298e+00
5.554365515600671876e-02 6.719762712666427933e-05 1.390666666666666629e+01 3.580990374671800147e+00
5.577734969999190856e-02 6.950070055363419556e-05 1.341436464088397784e+01 3.623938803314621815e+00
5.601099427749139242e-02 6.700515619549475674e-05 1.330095238095238130e+01 3.719127003603699411e+00
5.624621814925619134e-02 7.010497752434535551e-05 1.300722021660649830e+01 3.507850488971652858e+00
5.648196424828423601e-02 6.688681858197991978e-05 1.284180790960451901e+01 3.434496997773396565e+00
5.671540211382259528e-02 6.857993554508776460e-05 1.261510128913443829e+01 3.269134428138689596e+00
5.695057597478152267e-02 6.911508132478911160e-05 1.247454545454545460e+01 3.313229180619081227e+00
5.718334936048233286e-02 6.546013463055807180e-05 1.240037950664136623e+01 3.514923538730542418e+00
5.741421041024297178e-02 6.793445858109002969e-05 1.222810218978102270e+01 3.362175642637868833e+00
5.764613918380164653e-02 6.637197386990278968e-05 1.217790262172284699e+01 3.487880878362144887e+00
5.788167249397389164e-02 7.061552392955100337e-05 1.167605633802816989e+01 3.376094090406885684e+00
5.811737136754223376e-02 6.704761694123777174e-05 1.172828096118299435e+01 3.415953000628780156e+00
5.834837921127641880e-02 6.699294913716081861e-05 1.155514705882352899e+01 3.244877392571260621e+00
5.858116591208732682e-02 6.832957605342608631e-05 1.159892086330935257e+01 3.508765558354040692e+00
5.881666226357543104e-02 6.848621822711322728e-05 1.123613595706618895e+01 3.372005711989426668e+00
5.905135363872197202e-02 6.777347974127791586e-05 1.117148014440433279e+01 3.250626395182588890e+00
5.928387195222793726e-02 6.772469370990553635e-05 1.101438848920863300e+01 3.152850508979200939e+00
5.951647621897535045e-02 6.683838279782646321e-05 1.087477313974591731e+01 3.336329780782821164e+00
5.974911582084686118e-02 6.869520850335110538e-05 1.059292035398230070e+01 3.117454317076963299e+00
5.998323909506843993e-02 6.775808722689177679e-05 1.063148479427549198e+01 3.191199143287661411e+00
6.021684065425213228e-02 6.821508261215899929e-05 1.038938053097345104e+01 3.079111946366978714e+00
6.045118304879574384e-02 6.844978444519072473e-05 1.034859154929577407e+01 3.013270959377542635e+00
6.068596061100132305e-02 6.815720570038588807e-05 1.020848056537102444e+01 3.161050439826932124e+00
6.092170969789185986e-02 6.974114108008298168e-05 9.770154373927958602e+00 2.842633898232934886e+00
6.115588848048909842e-02 6.553171796432443320e-05 9.942238267148013620e+00 3.062552987183511988e+00
6.138574783689496051e-02 6.713556217832948266e-05 9.664323374340948902e+00 3.051563340119006096e+00
6.161712726612254831e-02 6.659023579644488087e-05 9.516873889875666848e+00 2.864031419427385483e+00
6.184947732418764887e-02 6.842032557768410134e-05 9.518197573656845378e+00 2.897311585711343618e+00
6.208512874242018420e-02 6.932646695378516153e-05 9.258119658119658979e+00 2.944873004178373499e+00
6.232030440033373142e-02 6.786811594346220963e-05 9.074912891986063102e+00 2.929143974361384739e+00
6.255454887890503357e-02 6.903232039090102389e-05 9.419080068143101059e+00 3.147786703382458029e+00
6.279030404341265359e-02 6.817541082358109035e-05 8.945017182130584388e+00 3.027135458516869715e+00
6.302442562177140717e-02 6.783890935135950873e-05 8.815068493150684859e+00 2.852192879554346749e+00
6.325799215551787535e-02 6.707804214318665616e-05 8.619621342512909123e+00 2.906327579028701091e+00
6.349026508375751887e-02 6.699336420408434482e-05 8.575129533678756744e+00 2.836371528076435222e+00
6.372409184272515015e-02 6.892879157383024775e-05 8.536013400335008328e+00 3.039938432025845572e+00
6.395793742953777283e-02 6.642518885272369008e-05 8.348353552859618887e+00 2.912153844895530863e+00
6.419031457975818422e-02 6.826620328541081642e-05 8.268006700167504164e+00 2.812804812344910754e+00
6.442283327309653029e-02 6.576027226970875277e-05 7.984402079722703327e+00 2.820709505739011469e+00
6.465485140213383941e-02 6.860083938040020173e-05 7.816053511705685963e+00 2.678909932744674816e+00
6.489057688868674068e-02 6.918162283112673440e-05 7.837748344370861098e+00 2.738593770149535533e+00
6.512677614053768993e-02 6.800662934234975800e-05 7.700167504187604983e+00 2.755542655793184803e+00
6.535916383847417688e-02 6.723036061670840198e-05 7.502529510961213788e+00 2.797779393853036645e+00
6.559238943166004199e-02 6.775429361515336514e-05 7.373333333333333073e+00 2.706703612227324474e+00
6.582758612999557724e-02 6.859118299963685495e-05 7.344827586206896797e+00 2.593072441557274566e+00
6.606077625847779633e-02 6.646968386304463305e-05 7.202360876897133224e+00 2.805955800113566045e+00
6.629499012582010242e-02 6.873985157622226514e-05 7.115635179153094292e+00 2.763744314204645391e+00
6.652802461243248477e-02 6.667147267887053093e-05 7.016806722689075571e+00 2.676021359869971139e+00
6.676018753795931460e-02 6.790988101603729471e-05 6.730706075533661625e+00 2.613143016446988653e+00
6.699409877892320564e-02 6.752760488477305384e-05 6.793103448275862100e+00 2.713078504572277172e+00
6.722746570366622265e-02 6.715296906548569008e-05 6.403940886699507118e+00 2.413370828650725830e+00
6.746032149556230317e-02 6.698676487551811836e-05 6.584158415841583789e+00 2.416865957143372157e+00
6.769235389026706518e-02 6.820371575645631246e-05 6.542345276872963744e+00 2.482820900161176070e+00
6.792641117254087646e-02 6.820173351531172944e-05 6.432520325203252121e+00 2.539247092118276594e+00
6.816107073590284282e-02 6.878058967958357989e-05 6.221153846153845812e+00 2.584377970055938167e+00
6.839600153518463066e-02 6.745423942297350728e-05 6.089141004862236528e+00 2.536024526355739717e+00
6.862947544649959652e-02 6.741836193410811529e-05 5.964401294498381745e+00 2.389019253409429222e+00
6.886076050521675040e-02 6.695139243677821319e-05 5.988580750407830777e+00 2.462411928519464333e+00
6.909448405671331228e-02 6.857937925099385861e-05 5.890302066772655110e+00 2.386808322026619855e+00
6.933147198058889349e-02 6.945851940459737387e-05 5.705790297339593309e+00 2.410330650307972888e+00
6.956615814272766596e-02 6.659838482515636180e-05 5.653658536585365546e+00 2.386575914667361964e+00
6.979892421020185422e-02 6.845449894488580623e-05 5.344881889763779093e+00 2.276485669793247624e+00
7.003324628087082004e-02 6.708437855477542738e-05 5.531948881789137573e+00 2.357569879518888190e+00
7.026696723216839524e-02 6.749325677359571186e-05 5.378164556962024889e+00 2.175087963972369476e+00
7.049943687314187690e-02 6.712218498041330988e-05 5.399361022364217000e+00 2.355592592608140468e+00
7.073256586487845776e-02 6.824893734348157486e-05 5.080062794348508604e+00 2.258073552829567454e+00
7.096739529320396367e-02 6.805665211298504431e-05 5.135937499999999822e+00 2.317160632851659408e+00
7.119963565831700925e-02 6.604383357070072315e-05 5.065705128205128638e+00 2.218573907736547834e+00
7.143251491571993295e-02 6.833023575511234995e-05 4.986068111455108642e+00 2.154935540657272330e+00
7.166748936443330387e-02 6.797747120010720200e-05 4.853582554517133829e+00 2.187863131472057354e+00
7.190239887094113103e-02 6.812567208000406508e-05 4.634108527131783006e+00 2.081399246456010932e+00
7.213564083891418899e-02 6.727815908267241148e-05 4.682812499999999822e+00 2.102563075005123849e+00
7.236775266651256089e-02 6.677609510169290425e-05 4.835423197492162650e+00 2.185214944964495309e+00
7.260248712279285255e-02 6.869830537591529508e-05 4.395454545454545503e+00 2.083914519484401318e+00
7.283623165966979229e-02 6.586822544777081725e-05 4.562204724409449241e+00 2.151306183748977308e+00
7.306707252174290956e-02 6.700747180961246050e-05 4.471317829457364112e+00 2.098057683407698271e+00
7.329949258276330371e-02 6.772475651974369101e-05 4.305683563748079479e+00 2.100572175133730735e+00
7.353390515197159860e-02 6.826447305255654060e-05 4.340458015267175895e+00 2.024814880092072222e+00
7.377004759623378982e-02 6.923659859914002232e-05 4.218236173393123956e+00 2.107129244848606309e+00
7.400585793887086428e-02 6.684871515157072869e-05 4.148773006134969243e+00 2.020871839816102966e+00
7.423882513885866896e-02 6.705699330302101503e-05 4.092987804878048586e+00 2.076076245907681805e+00
7.447179934364664411e-02 6.729631389406922585e-05 3.762917933130699222e+00 1.778279160109262680e+00
7.470386502595725842e-02 6.677743912390293128e-05 3.895384615384615223e+00 1.882216998223737114e+00
7.493684316276932877e-02 6.880723494932199492e-05 3.731054977711738552e+00 1.868663937750428827e+00
7.517114345002372244e-02 6.635401491145231717e-05 3.788990825688073549e+00 1.917515325254295355e+00
7.540400894130300236e-02 6.796181942783490750e-05 3.591044776119403092e+00 1.916751493727270494e+00
7.563888952420828871e-02 6.793007447686484233e-05 3.569299552906110229e+00 1.840145490239842418e+00
7.587212767299332528e-02 6.666720262525264009e-05 3.544764795144157876e+00 1.879921140687133452e+00
7.610444662739059007e-02 6.812128212821508440e-05 3.459259259259259256e+00 1.903248252190191669e+00
7.633840355552658219e-02 6.704448074672975544e-05 3.575939849624059974e+00 1.900530585766510905e+00
7.657294088866806181e-02 6.913426714198188134e-05 3.311499272197962362e+00 1.751959042802983424e+00
7.680909613855584073e-02 6.745120118354667115e-05 3.270710059171597628e+00 1.732362842932202218e+00
7.704345247504407190e-02 6.715677607695802020e-05 3.177514792899408302e+00 1.681730819652973663e+00
7.727476474555629304e-02 6.635027155862049334e-05 3.212893553223388210e+00 1.775639762229560992e+00
7.750787862388756888e-02 6.818542687846034010e-05 3.081871345029239873e+00 1.742358871940762999e+00
7.774237043501058819e-02 6.813069542586966778e-05 3.103649635036496157e+00 1.717554077197704476e+00
7.797665167592943147e-02 6.707760415591992138e-05 2.995594713656387853e+00 1.724821972066248765e+00
7.821051974065167112e-02 6.733218681971041611e-05 2.981021897810218757e+00 1.671458258623351734e+00
7.844387394979719652e-02 6.745944882601931131e-05 2.931386861313868497e+00 1.652561192631405218e+00
7.867743152837132492e-02 6.749240172701480983e-05 2.804379562043795460e+00 1.617690180327147287e+00
7.890970530980039033e-02 6.748164380015466649e-05 2.858600583090379121e+00 1.650224323095131007e+00
7.914414745391105954e-02 6.806851035759457725e-05 2.896551724137931050e+00 1.738446374971743591e+00
7.937949292746850072e-02 6.797541296510754361e-05 2.737068965517241548e+00 1.638974259428065183e+00
7.961030015032465046e-02 6.738864298828837172e-05 2.525757575757575868e+00 1.628853416581402591e+00
7.984598519055025045e-02 6.790561728139939753e-05 2.621495327102803863e+00 1.607829780813324616e+00
8.007687882222253029e-02 6.447056716295559542e-05 2.619528619528619373e+00 1.575610082596193173e+00
8.030494588125068611e-02 6.608834776223229527e-05 2.597972972972972805e+00 1.568759376272474082e+00
8.054004005809645150e-02 6.984151446891397389e-05 2.477832512315270908e+00 1.562296198296840855e+00
8.077714850029885096e-02 6.767392876517773568e-05 2.402417962003454033e+00 1.495900577182126323e+00
8.101269351174554545e-02 6.824941035471516354e-05 2.307958477508650574e+00 1.494795671470867449e+00
8.124499042027705231e-02 6.566391543360840461e-05 2.316270566727605118e+00 1.477807471338959733e+00
8.147763778805076906e-02 6.850612538316699495e-05 2.408928571428571530e+00 1.489105847308979769e+00
8.171370565696982335e-02 6.843303816104012401e-05 2.204339963833634730e+00 1.470698696097460845e+00
8.194644813657113447e-02 6.527704147071792412e-05 2.120229007633587681e+00 1.436669309619878820e+00
8.217941383646631959e-02 6.844304487629756508e-05 2.247232472324723229e+00 1.482442186436610410e+00
8.241354877640369447e-02 6.643977738405588268e-05 2.073500967117988480e+00 1.416455149981242112e+00
8.264613760478992099e-02 6.785385497585561844e-05 1.976967370441458760e+00 1.383825247069009778e+00
8.288072046378301694e-02 6.777539431253258432e-05 2.034816247582205140e+00 1.452942138695383800e+00
8.311212554025591837e-02 6.484000319727093505e-05 1.971428571428571530e+00 1.362449346425159913e+00
8.334638570633212673e-02 7.022221827522090226e-05 1.975095785440613039e+00 1.438823580890835618e+00
8.358704646049577858e-02 6.663645268385280900e-05 1.975285171102661552e+00 1.386144084431706558e+00
8.382143415227705230e-02 6.846312793730281276e-05 1.933682373472949356e+00 1.353306088519579786e+00
8.405591962697228636e-02 6.576640212805385805e-05 1.872154115586690093e+00 1.431163907652229561e+00
8.428680641257924044e-02 6.623286801922068177e-05 1.713550600343053176e+00 1.266318187124489958e+00
8.452023012686848968e-02 6.905229191131505512e-05 1.825525040387722120e+00 1.373051404931816988e+00
8.475508438648238219e-02 6.596024294369417270e-05 1.775577557755775526e+00 1.300706919632462988e+00
8.498773362002838561e-02 6.745598113771460842e-05 1.656101426307448499e+00 1.294894344878306347e+00
8.522017358652922425e-02 6.573424789204848628e-05 1.733547351524879598e+00 1.316339108285190296e+00
8.545345635918015492e-02 6.827530828384012593e-05 1.645705521472392574e+00 1.252484451847210245e+00
8.568838710074284937e-02 6.739557208403640777e-05 1.677370030581039728e+00 1.292534696878513190e+00
8.591990562469611903e-02 6.499275358868887781e-05 1.560062402496099843e+00 1.263613951435607285e+00
8.615047449966896365e-02 6.728541472914020762e-05 1.546407185628742464e+00 1.254398121551527856e+00
8.638537494001211070e-02 6.792206805344957186e-05 1.508100147275404979e+00 1.265384589001061322e+00
8.662074503924638291e-02 6.782280238804023608e-05 1.498538011695906391e+00 1.261495142355391064e+00
8.685381778459443092e-02 6.674020065135433848e-05 1.505865102639296182e+00 1.158914451039031679e+00
8.708770284767913816e-02 6.753597429739365476e-05 1.604316546762589946e+00 1.220797809021999969e+00
8.732212221979428202e-02 6.822332096859763445e-05 1.406250000000000000e+00 1.198495002028111767e+00
8.755723433992959603e-02 6.741755499607516103e-05 1.423680456490727497e+00 1.140982498811661916e+00
8.779078654295230377e-02 6.688902566296500132e-05 1.440629470672389223e+00 1.165630084667796940e+00
8.802385785273660057e-02 6.732631344927013264e-05 1.269121813031161450e+00 1.131656246503709884e+00
8.825920820130851718e-02 6.779425408112107370e-05 1.360955056179775191e+00 1.157289734838397033e+00
8.849234674886145846e-02 6.696150027325509799e-05 1.356028368794326200e+00 1.144207060937785014e+00
8.872137438766081186e-02 6.623799103067982519e-05 1.208083832335329344e+00 1.096595460276755807e+00
8.895429543332857014e-02 6.738487815592646569e-05 1.244239631336405472e+00 1.082900283231899907e+00
8.918772016087560262e-02 6.684333251713010609e-05 1.234449760765550241e+00 1.143437230478796973e+00
8.942216213337644826e-02 6.785239281137156507e-05 1.223832528180354373e+00 1.092435644722416610e+00
8.965567864572877854e-02 6.700437258479202294e-05 1.244592346089850254e+00 1.100816152731513453e+00
8.988740917090436156e-02 6.600763457825628208e-05 1.132075471698113178e+00 1.081548239211223006e+00
9.011975323533148730e-02 6.773804127286482647e-05 1.067796610169491567e+00 9.917933869403575686e-01
9.035608288166475932e-02 6.874767433980949428e-05 1.153198653198653112e+00 1.108744035101854042e+00
9.059423529262686237e-02 6.860051062213127538e-05 1.096283783783783772e+00 1.092517632447933540e+00
9.082806409944925441e-02 6.591920751229069322e-05 1.049295774647887258e+00 1.059554960791327494e+00
9.105979902993641129e-02 6.679468897932259346e-05 1.076923076923076872e+00 1.032422221195727241e+00
9.129435639159146076e-02 6.847518630411293563e-05 1.114922813036020477e+00 1.034909608452154517e+00
9.152650281439915492e-02 6.468590151769530185e-05 1.049001814882032591e+00 1.063096488112165838e+00
9.175728164276017451e-02 6.760337681272159235e-05 9.895287958115183136e-01 9.716098276527532773e-01
9.199104812749678284e-02 6.693583434796843623e-05 9.698046181172291780e-01 1.005717653443449322e+00
9.222507569997025201e-02 6.793803912847704170e-05 1.008818342151675429e+00 1.042284770376969982e+00
9.246186654200068411e-02 6.944239987391782215e-05 9.671848013816926048e-01 9.951034662338347214e-01
9.269596921447360860e-02 6.487594269754672440e-05 9.760589318600367825e-01 1.004286233113934168e+00
9.292703616442406223e-02 6.779858569529950100e-05 1.010600706713780994e+00 1.002599973836955316e+00
9.316059594520455234e-02 6.613368773353799079e-05 9.635701275045537306e-01 1.045621430584522615e+00
9.339538772676710121e-02 6.900293928083786957e-05 1.049122807017543790e+00 1.040979366978331822e+00
9.363035783291058511e-02 6.644185014357123227e-05 8.925318761384335442e-01 9.596142900846238444e-01
9.386245806937851266e-02 6.674446860279308080e-05 9.041591320072333016e-01 1.001648363987315937e+00
9.409440198891941276e-02 6.727128699980994470e-05 9.012567324955116366e-01 9.421987892073255821e-01
9.432822867807295897e-02 6.787030890533636790e-05 8.579040852575487985e-01 9.324333898331694792e-01
9.456450311453787339e-02 6.856686819874252005e-05 8.641114982578397274e-01 9.335638585459585803e-01
9.479870037226469093e-02 6.586042330461264486e-05 8.471223021582733326e-01 9.260930912403934068e-01
9.503065075680132423e-02 6.692670173723798215e-05 8.134991119005328120e-01 9.060982520580719290e-01
9.526552764507723037e-02 6.873817835408579122e-05 8.295652173913043992e-01 9.474239274467772809e-01
9.549948238481764662e-02 6.592497101293757838e-05 8.275862068965517127e-01 9.501631112833633930e-01
9.573145469357186021e-02 6.763779021303956466e-05 8.024691358024691468e-01 8.895622571962041869e-01
9.596344353397949500e-02 6.508803650637630216e-05 8.113553113553113594e-01 9.301433112441828133e-01
9.619719815228761073e-02 6.891878545311372979e-05 8.795811518324607725e-01 9.828997600311193406e-01
9.643338477973723011e-02 6.764486940942661787e-05 7.878787878787878451e-01 8.719693678750400911e-01
9.666686513379581236e-02 6.634527000553854632e-05 8.003629764065335328e-01 9.045562130765946174e-01
9.689804830612920583e-02 6.673844817570089385e-05 7.815884476534296077e-01 8.469032467826788091e-01
9.713211530402467153e-02 6.751532973417066546e-05 7.903225806451612545e-01 8.729898205199256855e-01
9.736750905795905908e-02 6.828413715794354373e-05 8.007117437722419684e-01 9.130142747616896148e-01
9.760254220852407347e-02 6.723724816253193984e-05 7.369369369369369593e-01 8.764483300164944701e-01
9.783729966421263191e-02 6.713292727370104079e-05 7.256317689530685788e-01 8.613456652027540184e-01
9.807012441261567237e-02 6.702921340280121982e-05 6.781818181818182190e-01 8.298043182651987371e-01
9.830432198494945539e-02 6.771531372861528232e-05 7.423423423423423095e-01 8.852111238958790818e-01
9.853663875749650580e-02 6.592920559052215760e-05 7.435424354243542755e-01 8.782907975251488253e-01
9.876785373964377945e-02 6.639572360800846391e-05 7.477148080438756894e-01 8.572013029082945490e-01
9.900171307164255807e-02 6.725503490443550815e-05 7.127272727272727648e-01 8.626846430697784340e-01
9.923465994738583928e-02 6.748068345197972770e-05 6.733576642335766804e-01 8.118694965896807725e-01
9.947119774122156755e-02 6.881988242762419612e-05 6.529516994633273175e-01 7.652160490871772192e-01
9.970633280334199877e-02 6.694105292138958260e-05 6.844036697247706247e-01 8.441942413797245415e-01
9.993728249839414768e-02 6.534832822620718473e-05 6.853932584269663009e-01 8.411596470493966082e-01
1.001703666773564594e-01 6.807110521762425154e-05 7.075812274368230570e-01 8.532542716657731674e-01
1.004042664217037195e-01 6.656925648346958700e-05 7.018518518518518379e-01 8.857932205823372263e-01
1.006397678263622197e-01 6.842954627529723277e-05 7.045045045045045251e-01 8.277215478641570812e-01
1.008742614643446667e-01 6.658751459513834290e-05 6.066790352504638495e-01 7.862720977522987820e-01
1.011048192716836602e-01 6.576603880257255797e-05 7.344632768361581965e-01 8.440483841491621675e-01
1.013390231998947122e-01 6.916081345207424958e-05 6.415770609318995898e-01 8.153511340332925128e-01
1.015727676549605663e-01 6.516705286347274908e-05 6.660341555977229433e-01 8.332374909929329831e-01
1.018063810355425147e-01 6.852265857895202593e-05 6.347197106690777302e-01 8.122570314315464834e-01
1.020425928562866541e-01 6.754985595762503701e-05 6.850828729281768226e-01 8.645187870888354498e-01
1.022745336203261940e-01 6.568464132683736977e-05 6.546489563567362557e-01 7.910802057097696682e-01
1.025079986564226969e-01 6.883363629312960503e-05 6.389891696750902295e-01 8.043617815636442403e-01
1.027413231873401389e-01 6.438235018542032870e-05 7.082533589251439610e-01 8.200495794144326833e-01
1.029738054843176154e-01 6.827106302290229681e-05 6.138433515482696334e-01 7.901357171470239082e-01
1.032091814552798248e-01 6.721742881697321279e-05 6.368715083798882626e-01 7.990063844010903971e-01
1.034439824047587719e-01 6.784155240531380992e-05 6.931608133086876178e-01 8.681655248856101625e-01
1.036790446583389369e-01 6.769644679304059084e-05 6.697416974169742021e-01 8.246138596897052420e-01
1.039108473112752701e-01 6.478868293181549987e-05 6.050096339113679722e-01 7.859949263512985285e-01
1.041435991355559865e-01 6.876976636486558856e-05 6.836363636363635976e-01 7.927356129669678175e-01
1.043796853337771446e-01 6.639151268194193886e-05 6.842105263157894912e-01 8.036939844105842612e-01
1.046125879328569097e-01 6.649047237023615630e-05 7.011278195488721554e-01 8.251001888672879758e-01
1.048449497528018554e-01 6.678671360180158550e-05 7.035647279549718247e-01 8.530562995359316503e-01
1.050782436420249349e-01 6.680234379189081782e-05 6.471698113207546843e-01 8.052515422399493250e-01
1.053121578057464591e-01 6.813810244029516923e-05 6.025878003696857332e-01 7.716786379675649732e-01
1.055465828127617189e-01 6.602091647410296903e-05 7.115749525616698046e-01 8.018846014990684834e-01
1.057784850233827734e-01 6.633866725893719138e-05 6.363636363636363535e-01 7.598073193477641318e-01
1.060121054701392146e-01 6.796601729703331872e-05 6.189591078066914998e-01 7.510903798819835719e-01
1.062489964857592228e-01 6.804532742857089987e-05 7.169459962756051796e-01 8.274759555657292820e-01
1.064814477792258851e-01 6.617151051899120408e-05 6.577437858508604629e-01 8.091185410593155769e-01
1.067134525370284776e-01 6.660088521860815184e-05 5.984848484848485084e-01 7.429941381035242154e-01
1.069489685164438514e-01 6.844070374709154171e-05 6.377079482439925728e-01 7.758228185923319309e-01
1.071833396191340243e-01 6.614921031534214753e-05 6.462715105162524232e-01 8.252776356015802950e-01
1.074169666915256866e-01 6.748748480923821868e-05 6.848030018761726012e-01 8.169541511141564794e-01
1.076507130258745892e-01 6.685365476994657339e-05 6.571969696969697239e-01 7.972607559885835915e-01
1.078822248577407661e-01 6.549492787243419399e-05 6.337209302325581550e-01 8.122213019261972367e-01
1.081158030820603549e-01 6.892691260091426855e-05 6.217712177121771377e-01 7.944513189899362615e-01
1.083502519132016478e-01 6.550174513790631484e-05 7.698259187620889454e-01 8.756087799331586652e-01
1.085838887651629364e-01 6.788279140540267611e-05 7.401869158878504606e-01 8.707351800003703124e-01
1.088167529892371671e-01 6.600576014251126192e-05 7.509652509652510188e-01 8.168418827650535397e-01
1.090505526263309127e-01 6.812007346507967362e-05 6.447368421052631637e-01 7.953105035094666375e-01
1.092866482205838569e-01 6.842382848130358576e-05 6.175373134328357994e-01 7.931759871431625086e-01
1.095204794082260541e-01 6.485319910623837047e-05 6.900584795321637044e-01 8.405063877022689312e-01
1.097528862015335477e-01 6.749182814616273797e-05 7.236842105263158187e-01 8.215898570174411386e-01
1.099860225771209649e-01 6.572661825364852677e-05 6.112185686653771599e-01 7.585312985569777622e-01
1.102199794899808571e-01 6.771853003694458301e-05 6.459510357815442250e-01 7.836424991079280478e-01
1.104527673679933375e-01 6.605954367090497955e-05 6.460348162475821887e-01 7.603195986224678959e-01
1.106846995336629863e-01 6.639466551207307780e-05 6.923076923076922906e-01 8.103436337343128404e-01
1.109195593734974006e-01 6.847264593218049594e-05 6.067415730337079038e-01 7.765554306746705882e-01
1.111563010475637298e-01 6.737417664069918785e-05 7.590132827324478360e-01 8.811258325618875897e-01
1.113901732397686445e-01 6.590926552890959188e-05 6.930501930501929975e-01 8.136006425608025561e-01
1.116201801113623215e-01 6.530710990471277541e-05 6.464843750000000000e-01 7.975305590858454696e-01
1.118544392406903287e-01 6.842920462665363923e-05 6.716697936210130893e-01 8.152094122899421480e-01
1.120919882620126512e-01 6.808645466680088396e-05 6.723163841807909824e-01 8.114706920474995533e-01
1.123255119325231172e-01 6.496953905756043762e-05 6.901960784313725394e-01 8.583399121818172661e-01
1.125569423960908616e-01 6.660855058776252613e-05 6.513409961685823202e-01 8.013343784046230711e-01
1.127891651266763745e-01 6.585219533195248219e-05 7.023346303501944998e-01 8.531921441118559546e-01
1.130234059678330849e-01 6.798907267284735661e-05 7.126654064272212041e-01 8.464736226955934528e-01
1.132592717752512051e-01 6.709286710082286605e-05 6.730401529636711455e-01 7.892234321352009641e-01
1.134925261196267493e-01 6.566405257712189627e-05 7.509727626459143934e-01 8.897114978351156056e-01
1.137232837453631684e-01 6.560285114491499190e-05 7.070312500000000000e-01 8.253334065295028221e-01
1.139571109036284086e-01 6.796742105221370610e-05 6.856060606060605522e-01 8.421835482942253703e-01
1.141916071219103018e-01 6.614694266841438333e-05 7.081712062256809714e-01 8.608812019392059200e-01
1.144245089960832934e-01 6.685048664461395486e-05 6.769230769230769607e-01 8.019207710721312221e-01
1.146574952630475680e-01 6.619094374413487093e-05 7.178988326848249057e-01 8.401561249805804543e-01
1.148904160535498264e-01 6.707792820933123690e-05 6.795366795366795110e-01 8.307351555189570469e-01
1.151265174722906764e-01 6.876668888584983865e-05 7.702448210922787641e-01 8.687286563318314947e-01
1.153617816491615961e-01 6.565260628400561250e-05 7.509803921568627416e-01 8.879647252710227701e-01
1.155936763096339220e-01 6.650816827874497729e-05 6.769825918762089056e-01 8.010306168915694025e-01
1.158258315634240476e-01 6.588797587536296874e-05 7.137254901960784492e-01 9.063151499868749017e-01
1.160597319175528663e-01 6.799461765561689208e-05 7.314285714285714279e-01 8.347943654895267906e-01
1.162950314370258531e-01 6.674923210542826858e-05 6.976744186046511809e-01 8.393598563497166598e-01
1.165287100714146457e-01 6.653530395956359987e-05 7.848837209302325091e-01 9.063802451118633252e-01
1.167624675326668082e-01 6.672669288532265567e-05 6.918604651162790775e-01 8.267542711363847774e-01
1.169963813879617426e-01 6.705354536925166775e-05 7.427466150870406514e-01 8.477162932107513704e-01
1.172296699541907350e-01 6.631902832571586392e-05 7.251461988304093165e-01 8.572256353665954620e-01
1.174633317010978645e-01 6.682263370538187562e-05 7.170542635658915254e-01 8.322554774447519232e-01
1.176963758561083428e-01 6.650269296166132736e-05 6.855468750000000000e-01 8.627021884277150665e-01
1.179299254124360069e-01 6.728363660691870959e-05 7.485493230174081747e-01 8.437504481727081673e-01
1.181661083576700799e-01 6.789566897107491888e-05 7.609942638623327094e-01 8.765974516560126606e-01
1.184002669641160965e-01 6.566520377029123803e-05 7.976424361493124060e-01 9.180088786584441607e-01
1.186327021679424165e-01 6.597848618172980106e-05 7.392156862745098422e-01 8.598391344769122924e-01
1.188650719869437794e-01 6.702715015157560143e-05 7.378640776699029180e-01 8.750584053329786283e-01
1.190988067061411609e-01 6.629343627726192692e-05 7.475538160469666904e-01 8.568613322085759654e-01
1.193323897405050432e-01 6.682302270376797710e-05 7.722007722007722119e-01 8.895488118110136400e-01
1.195656510531601519e-01 6.587317906801366991e-05 7.543859649122807154e-01 8.894081278155092640e-01
1.198002489216287991e-01 6.746592986415190997e-05 7.390476190476190643e-01 8.922828629324860428e-01
1.200336589500475559e-01 6.624896294229367234e-05 7.620889748549323217e-01 8.910678974340552339e-01
1.202657768623850848e-01 6.571795768306507403e-05 6.841085271317829397e-01 7.999440368623597086e-01
1.204994510404173019e-01 6.765105501654847969e-05 7.392120075046904049e-01 8.348525400915377537e-01
1.207339951349819807e-01 6.562727713419021691e-05 7.288461538461538103e-01 8.830630191883170887e-01
1.209680956947216668e-01 6.741732215622490954e-05 7.831775700934578976e-01 8.982139866402325534e-01
1.212006880373407286e-01 6.513848631823455568e-05 7.557692307692307487e-01 8.511739196075738256e-01
1.214319994211767589e-01 6.582807741597457144e-05 7.718631178707224816e-01 8.843758268747390350e-01
1.216656057203382851e-01 6.790283688671594779e-05 7.726432532347504711e-01 8.290115747862576434e-01
1.219007843250684425e-01 6.671568653291726767e-05 6.898496240601503793e-01 8.322844700500197090e-01
1.221369572323006136e-01 6.825324584029650993e-05 7.751371115173674164e-01 8.805401801318369914e-01
1.223726009556053707e-01 6.573836356997660114e-05 7.391304347826086474e-01 8.072674747994980082e-01
1.226056442391218609e-01 6.616532013731783344e-05 7.796610169491525744e-01 8.744112897133443640e-01
1.228388051323681396e-01 6.703161226424012367e-05 7.537313432835820448e-01 8.641343143085539191e-01
1.230707296013911628e-01 6.457171094849102578e-05 7.509652509652510188e-01 8.717194239566126157e-01
1.233029183635097059e-01 6.759810128202039419e-05 7.749077490774908261e-01 9.245659729079809264e-01
1.235379854409733719e-01 6.570013406878603220e-05 8.387096774193548709e-01 9.221386661748712799e-01
1.237724597817453503e-01 6.756544521848162354e-05 7.555555555555555358e-01 8.460024613492862500e-01
1.240061498949734248e-01 6.566505030106075010e-05 8.171428571428571708e-01 9.188635394233628517e-01
1.242390821888286201e-01 6.661632460395466447e-05 7.857142857142856984e-01 8.973196751189220777e-01
1.244711632953071079e-01 6.579076840955865762e-05 7.561904761904761907e-01 8.918131038759734563e-01
1.247054517839266963e-01 6.761591240357131126e-05 7.899628252788104543e-01 8.709006598113374631e-01
1.249410059021845570e-01 6.697188855875631079e-05 7.448405253283302274e-01 8.685058139769611385e-01
1.251741761334562164e-01 6.583601426366064431e-05 7.129277566539924393e-01 8.413788011911931264e-01
1.254072382360083560e-01 6.640543300240981869e-05 6.962264150943395791e-01 8.696005147076332209e-01
1.256410482936734796e-01 6.683584359234039823e-05 7.537593984962406291e-01 8.512443794891377813e-01
1.258745257397245465e-01 6.611238233520655145e-05 8.212927756653992661e-01 8.936008390121948919e-01
1.261080103941889519e-01 6.690937462473420770e-05 7.711069418386491403e-01 8.736782070461948102e-01
1.263406670927800235e-01 6.522594346067754308e-05 8.905950095969289437e-01 9.081149514152466740e-01
1.265732414590826360e-01 6.685572305932845820e-05 7.664783427495291956e-01 8.785043282171264289e-01
1.268080548800749052e-01 6.733690508414850442e-05 7.734082397003745335e-01 9.345188483834772075e-01
1.270422367608540493e-01 6.597699196562882616e-05 7.771428571428571352e-01 9.089008088191513623e-01
1.272759152751854195e-01 6.689135984813015558e-05 8.195488721804511378e-01 9.026863007277909912e-01
1.275094590884037760e-01 6.604831116682244026e-05 8.187022900763358813e-01 8.633719398838892722e-01
1.277431018946701968e-01 6.733257125615095616e-05 8.233082706766917669e-01 9.341216429479880512e-01
1.279782552164440979e-01 6.710085433560373114e-05 6.954887218045112673e-01 8.510990922116017376e-01
1.282131041449612319e-01 6.621149459998993162e-05 7.443181818181817677e-01 8.430051681328051272e-01
1.284458066838963242e-01 6.548314267397141550e-05 7.911877394636015470e-01 9.044702216653162097e-01
1.286783609577602794e-01 6.654865817496632442e-05 8.162878787878787845e-01 8.876213234628452797e-01
1.289128241661116614e-01 6.697900382933094643e-05 7.566037735849057144e-01 8.538022511605732889e-01
1.291446660323967432e-01 6.835636986838949068e-05 7.201646090534979949e-01 8.638398240685424279e-01
1.293786085608263359e-01 6.605676840398337884e-05 8.123569794050343740e-01 8.916413647422897215e-01
1.296108774202269776e-01 6.783588626387897994e-05 7.446808510638297518e-01 8.268116619094109110e-01
1.298443923619162221e-01 6.722079102470935436e-05 7.974999999999999867e-01 8.535147919046291998e-01
1.300782666066699345e-01 6.749263575799763530e-05 7.616580310880829430e-01 9.341453061949123171e-01
1.303119143017006376e-01 6.684139813301355590e-05 7.166212534059945849e-01 8.597021720014158541e-01
1.305459241900186751e-01 6.810036271421107158e-05 7.262569832402234749e-01 8.520423071248721669e-01
1.307796783027228849e-01 6.720238230322061351e-05 7.558823529411764497e-01 8.462618800053404167e-01
1.310139024467842916e-01 6.790776888182086793e-05 7.627627627627627804e-01 8.853512918458033010e-01
1.312472894800687517e-01 6.625173267803912932e-05 7.484076433121018557e-01 8.329836852856888907e-01
1.314776668789590652e-01 6.618039329338910079e-05 7.218543046357616122e-01 8.638386835354846527e-01
1.317137024266215872e-01 7.043903276921694031e-05 6.730158730158730673e-01 8.356988346300733284e-01
1.319503540721679857e-01 6.642835643525359449e-05 7.542662116040955711e-01 8.880346698776886427e-01
1.321828723734352895e-01 6.718390404847075217e-05 7.508532423208190698e-01 8.376041322491735164e-01
1.324147834979462757e-01 6.603244305163348776e-05 7.340425531914893664e-01 8.417038487171284444e-01
1.326480411947886795e-01 6.877844789332857034e-05 7.708333333333333703e-01 8.693185256705816544e-01
1.328820802110143862e-01 6.636907368294008079e-05 8.321167883211678662e-01 9.144211384447830104e-01
1.331148138063605602e-01 6.785609440944978998e-05 6.594202898550725056e-01 8.354572807061395601e-01
1.333495643154704868e-01 6.741119029024297674e-05 7.370370370370370461e-01 8.412219213665644846e-01
1.335835372037798285e-01 6.759745300131219899e-05 7.471698113207546621e-01 8.617830291436718859e-01
1.338176466306949530e-01 6.831218422516185137e-05 7.083333333333333703e-01 8.511356050488202429e-01
1.340512797922887300e-01 6.599048480043925120e-05 6.968503937007873850e-01 8.519415775796499446e-01
1.342814461297319739e-01 6.559979566974010292e-05 8.104838709677418818e-01 9.732370865513302327e-01
1.345160483007357966e-01 6.963532972159798605e-05 7.976653696498055002e-01 8.467752162721576825e-01
1.347536796152505323e-01 6.810829448341578071e-05 8.218623481781376361e-01 8.747094501248502407e-01
1.349871276635005723e-01 6.677996814749840085e-05 6.999999999999999556e-01 7.986968553003496174e-01
1.352194676899014514e-01 6.661700689138378795e-05 6.202531645569620000e-01 8.072536082786083700e-01
1.354521481550482465e-01 6.703309091722472405e-05 7.253218884120171683e-01 8.469737158307057978e-01
1.356860453582514059e-01 6.856354300475121723e-05 7.820512820512820484e-01 8.489980687832698880e-01
1.359211357373890650e-01 6.716967141125949588e-05 7.136563876651982330e-01 9.078738331146020135e-01
1.361540064088500035e-01 6.678503458520554067e-05 6.860986547085201614e-01 7.943550969868523604e-01
1.363867967184397567e-01 6.692559243115627019e-05 6.438356164383561842e-01 8.244633336772593246e-01
1.366219029817275776e-01 6.946138516611432591e-05 6.711711711711711992e-01 7.988354887823523320e-01
1.368567259414371073e-01 6.686962625770076724e-05 8.066037735849056478e-01 8.898732114760330436e-01
1.370879062713149799e-01 6.563798020853460155e-05 6.714975845410627864e-01 8.292168860571900169e-01
1.373197126983267125e-01 6.725671536427617889e-05 6.328502415458937547e-01 7.885946302230238958e-01
1.375555620768925402e-01 6.925260661464505163e-05 7.320574162679426289e-01 7.999021253743109350e-01
1.377899351687938978e-01 6.618070308676317348e-05 6.598984771573603858e-01 7.961617838252850188e-01
1.380219266012210066e-01 6.752809196460790695e-05 7.185929648241206058e-01 8.050088141936836417e-01
1.382545611228954419e-01 6.572577943118536358e-05 6.387434554973822065e-01 7.949844144964324233e-01
1.384888270319775960e-01 6.920592491137856391e-05 7.142857142857143016e-01 8.826972974641059677e-01
1.387251204069650523e-01 6.776599831776989474e-05 7.089947089947089554e-01 8.840254961240495701e-01
1.389591668919520073e-01 6.693609892524315735e-05 5.405405405405405705e-01 7.657763645265450725e-01
1.391904057199591371e-01 6.569416018844522961e-05 7.597765363128491378e-01 9.013650963172610275e-01
1.394227790925808841e-01 6.774421325864447493e-05 7.777777777777777901e-01 9.002743066202059108e-01
1.396572113000431603e-01 6.854202640791657957e-05 6.685393258426965968e-01 7.865168539325839703e-01
1.398913498476041517e-01 6.688348527294887597e-05 5.491329479768786159e-01 6.512837606891623832e-01
1.401247906031993506e-01 6.646051683429370267e-05 8.058823529411764941e-01 9.184385726681475459e-01
1.403591895729549288e-01 6.805811419343037823e-05 6.923076923076922906e-01 9.059053717458767085e-01
1.405953485464094266e-01 6.905228462272873535e-05 7.023809523809523281e-01 8.585058607401409025e-01
1.408299829100064793e-01 6.644350311483485528e-05 6.875000000000000000e-01 8.103336504181472000e-01
1.410591665228413116e-01 6.501076246847150089e-05 6.645161290322580960e-01 8.470798219565067733e-01
1.412893301143412494e-01 6.674759269244742439e-05 7.419354838709677491e-01 8.591794841918598546e-01
1.415237124881587039e-01 6.927971403152424041e-05 6.050955414012738620e-01 7.491864764435229862e-01
1.417608398927272528e-01 6.767011984472880734e-05 7.039473684210526550e-01 8.045167679525998539e-01
1.419948711733081126e-01 6.643728084900887214e-05 6.258503401360544505e-01 8.372599424362142662e-01
1.422257950142377936e-01 6.614300048882033553e-05 7.132867132867133364e-01 8.191674178382860605e-01
1.424611599372695714e-01 6.976859826068063314e-05 7.346938775510204467e-01 8.386406035475773013e-01
1.426969880138435620e-01 6.713456917550140600e-05 6.187050359712230607e-01 7.652999221278969921e-01
1.429290483303200521e-01 6.598668785333661462e-05 8.014705882352941568e-01 9.092707827712180890e-01
1.431615992067113707e-01 6.674925674210528508e-05 6.268656716417910779e-01 8.462831344677511636e-01
1.433977864542690939e-01 6.958273395422789138e-05 5.661764705882352811e-01 7.274582474136260801e-01
1.436356797294852938e-01 6.762859419149515740e-05 5.461538461538461009e-01 7.684611534610570338e-01
1.438647788032675900e-01 6.395074090213278628e-05 7.024793388429751984e-01 8.719302020040712309e-01
1.440939223050132778e-01 6.721088340672915884e-05 7.039999999999999591e-01 8.330762270044672624e-01
1.443302270800670972e-01 6.810715064994765275e-05 5.934959349593496025e-01 8.277125531202850217e-01
1.445647386873331885e-01 6.765147823845471715e-05 7.647058823529411242e-01 7.679311429010227119e-01
1.448001674656267668e-01 6.812041505588835896e-05 6.525423728813559698e-01 8.606598752446152911e-01
1.450305141697986189e-01 6.417457142913943864e-05 7.247706422018348471e-01 7.925564831447879932e-01
1.452619539705164164e-01 6.860711380950888425e-05 6.754385964912280604e-01 8.038649329392071330e-01
1.454988966656826088e-01 6.757751339465679083e-05 6.513761467889908063e-01 6.999585159711005922e-01
1.457319267282644326e-01 6.746225896059649557e-05 5.754716981132075304e-01 6.900348508645177681e-01
1.459689564871680389e-01 6.919146774834719811e-05 6.074766355140186480e-01 7.741229304627600394e-01
1.462029517945844237e-01 6.518587451146425451e-05 5.306122448979592177e-01 6.920744880740072880e-01
1.464348845068329241e-01 6.893025110561780433e-05 6.039603960396039417e-01 7.363434965605171190e-01
1.466710325229612644e-01 6.703672746630305742e-05 6.041666666666666297e-01 7.607733181879259288e-01
1.469003469776316018e-01 6.495976429229445050e-05 5.604395604395604469e-01 7.484637891805638876e-01
1.471326263642964982e-01 6.784892292542188277e-05 5.483870967741935054e-01 8.397429532545994668e-01
1.473683745226096187e-01 6.734190408583911583e-05 6.629213483146066954e-01 8.248293102127171039e-01
1.476018743975685277e-01 6.760693685313507080e-05 5.517241379310344751e-01 6.614940032155476324e-01
1.478377306130267688e-01 6.772451548086767131e-05 7.647058823529411242e-01 7.974874037685796280e-01
1.480669483097254435e-01 6.431970194966852195e-05 5.384615384615384359e-01 7.504108013672767807e-01
1.482973419064994303e-01 6.861360276277018620e-05 7.160493827160493430e-01 9.505371138232177053e-01
1.485364113895124294e-01 6.936560494550093024e-05 6.962025316455696666e-01 8.222003766610114228e-01
1.487716162219679672e-01 6.677093946461412058e-05 6.351351351351350871e-01 7.514291229436670383e-01
1.490077522787839059e-01 6.871676643346850033e-05 5.135135135135134865e-01 7.443480731848872711e-01
1.492393961896789634e-01 6.506416229580026540e-05 4.328358208955223607e-01 5.843812522522953135e-01
1.494701913811684602e-01 6.907736733736162202e-05 4.637681159420289911e-01 7.384196639337393675e-01
1.497045353405743462e-01 6.634691779689233710e-05 6.093750000000000000e-01 7.271922673887559752e-01
1.499337638884900847e-01 6.630672807533855592e-05 6.774193548387096309e-01 8.445824168765191375e-01
1.501708286181911156e-01 6.972377942578611605e-05 6.031746031746031411e-01 7.733922358780846995e-01
1.504045133699344061e-01 6.505456575143086920e-05 5.000000000000000000e-01 7.618117502750549885e-01
1.506393971018608890e-01 7.070153912039902559e-05 6.101694915254237683e-01 8.891442066850170356e-01
1.508747560046925229e-01 6.361798606692725948e-05 5.490196078431373028e-01 7.563647655680747484e-01
1.511033451723478305e-01 6.822425875258773191e-05 5.961538461538461453e-01 8.217638699700573479e-01
1.513430592404528541e-01 6.953071659907809779e-05 4.509803921568627527e-01 6.428861298335295515e-01
1.515751618564359637e-01 6.342734358875888579e-05 5.454545454545454142e-01 7.606000241218870972e-01
1.518045724547506525e-01 6.938126820492401424e-05 5.434782608695651884e-01 7.216605509868622148e-01
1.520480234761667215e-01 6.976967995741814512e-05 4.545454545454545303e-01 7.592405949313666413e-01
1.522777008011769462e-01 6.272216552833166940e-05 5.405405405405405705e-01 6.922296472900377751e-01
1.525061322319957446e-01 6.929360622917626303e-05 5.897435897435897578e-01 7.515051738334793674e-01
1.527427011500204213e-01 6.666422581467422144e-05 5.714285714285713969e-01 7.772268862134541489e-01
1.529726548169981215e-01 6.665749530051660659e-05 4.848484848484848619e-01 6.680426571226847354e-01
1.532134048917648539e-01 7.071407902998622368e-05 4.848484848484848619e-01 6.680426571226850685e-01
1.534434790603389775e-01 6.011232516833131041e-05 6.538461538461538547e-01 7.477777728932147872e-01
1.536710418380370924e-01 6.976616835160736295e-05 5.357142857142856984e-01 7.905694150420948807e-01
1.539149550629408947e-01 6.925196045819559246e-05 4.000000000000000222e-01 7.589466384404111032e-01
1.541445478244997391e-01 6.478862577215637321e-05 6.190476190476190688e-01 7.423074889580901781e-01
1.543780235396354228e-01 7.053413531437874686e-05 6.666666666666666297e-01 7.968190728895958586e-01
1.546059873932826012e-01 5.909742656752603256e-05 7.500000000000000000e-01 9.921567416492215186e-01
1.548370283320493757e-01 7.086429496304842972e-05 5.294117647058823595e-01 7.180326832784530433e-01
1.550799786572540917e-01 6.540043890405022008e-05 6.153846153846154188e-01 8.634593969478325803e-01
1.553036635055988490e-01 6.758474544596143726e-05 3.636363636363636465e-01 6.680426571226848464e-01
1.555456416189227586e-01 7.341490814454251594e-05 0.000000000000000000e+00 0.000000000000000000e+00
1.557790343018141677e-01 5.399834121423047510e-05 0.000000000000000000e+00 0.000000000000000000e+00
1.559999688717171595e-01 6.566134794291481655e-05 0.000000000000000000e+00 0.000000000000000000e+00
1.562567987100282052e-01 8.033505465450464550e-05 3.333333333333333148e-01 5.773502691896257311e-01
