# q qerr I(q) I(q)err
3.001749291795529316e-03 1.167853270244704247e-04 1.423799999999999955e+03 9.609500875002127032e+02
3.216946015612575076e-03 6.406021311444656113e-05 3.035217391304347984e+03 1.714482247263433919e+03
3.430819248455692968e-03 7.252053699931147659e-05 2.722298850574712560e+03 1.523060879564250627e+03
3.672101494117159613e-03 7.545375631879780269e-05 2.216161616161616166e+03 1.098394354196562745e+03
3.918307832378639319e-03 7.374016049620304720e-05 1.749242990654205641e+03 7.014501862479118017e+02
4.147718136434350687e-03 6.107192035677698103e-05 1.368210526315789366e+03 3.454705410550110969e+02
4.365502826808959243e-03 6.779080658174564808e-05 1.129859813084112147e+03 1.745421984434438230e+02
4.594999596112334626e-03 7.420628290313399807e-05 9.744796747967479860e+02 1.047276444065336847e+02
4.835936192065706969e-03 7.320149930589021881e-05 8.487619047619048160e+02 6.456727874477067530e+01
5.080814687701338921e-03 7.653000632488168636e-05 7.583680555555555429e+02 4.927543485285819713e+01
5.317078266608570546e-03 6.172106439101172914e-05 6.821788617886178372e+02 3.516606872328386402e+01
5.551471060931053268e-03 7.668524467813574576e-05 6.311481481481481524e+02 3.365305854357061577e+01
5.788366925541485984e-03 6.194770960560404868e-05 5.827925925925925412e+02 2.701590549139321240e+01
6.009776342023025880e-03 6.950277321810145736e-05 5.474129032258064171e+02 2.590989188318899394e+01
6.247094567316056890e-03 7.317752475420629581e-05 5.115906432748537895e+02 2.625726696098280755e+01
6.480842620397410207e-03 6.691741107424957404e-05 4.815660377358490791e+02 2.531271371727583386e+01
6.718305882023165379e-03 7.577205940640407739e-05 4.623061224489795791e+02 2.404989910194693081e+01
6.954283760887284942e-03 6.032943043655961634e-05 4.400245398773006400e+02 2.354266801060306591e+01
7.176272274730767682e-03 6.864708281211200774e-05 4.247872340425531661e+02 2.185886506413951480e+01
7.411440332622126065e-03 7.201436331295212967e-05 4.129950000000000045e+02 2.116128422378944052e+01
7.640547325048651327e-03 6.719666067278881421e-05 3.969255319148936110e+02 1.828757905681249696e+01
7.880909625388352394e-03 7.780078248694467205e-05 3.867796610169491487e+02 1.980020138079176206e+01
8.119534573631228755e-03 6.182975050629921810e-05 3.781151832460732862e+02 1.948950330344079518e+01
8.341212846027333885e-03 7.037901862628595019e-05 3.724063926940639249e+02 1.880047087758239854e+01
8.584257463478678699e-03 7.672081168970473167e-05 3.670876494023904115e+02 1.858812963149895126e+01
8.826919166718070683e-03 6.518131950376178396e-05 3.632785388127853707e+02 1.823330382464445165e+01
9.051576779129599792e-03 7.018745924619574326e-05 3.631583333333333599e+02 1.926472831224059590e+01
9.278754197832399936e-03 6.574873290523112796e-05 3.634713656387665424e+02 1.865735971545657179e+01
9.511181178050998053e-03 7.470724405325664997e-05 3.631791044776119293e+02 1.854528363520681111e+01
9.756331684265373561e-03 7.268311501543828993e-05 3.640555555555555429e+02 1.877313113667768363e+01
9.992460030236703650e-03 6.501341219802315996e-05 3.667460317460317469e+02 1.977517403686907116e+01
1.021767907988490980e-02 6.882116667024825156e-05 3.684981273408239417e+02 1.660797687397487366e+01
1.044627826021552429e-02 6.776641009522302674e-05 3.722310606060606233e+02 1.855694923778620620e+01
1.067941769640304468e-02 7.427835917673683769e-05 3.760434782608695627e+02 2.014499931814324185e+01
1.092103363594707117e-02 6.948634926740279217e-05 3.788150684931507044e+02 1.969222334225825577e+01
1.115205959515964615e-02 6.613677834257579403e-05 3.820777385159010464e+02 2.017138296650741580e+01
1.138090927839274270e-02 7.036315799772670850e-05 3.841973684210526585e+02 1.918284211963137764e+01
1.161908717993895106e-02 7.230519164610463203e-05 3.857341772151898454e+02 1.872379223794978742e+01
1.185129732832000682e-02 6.908715592862023315e-05 3.875811688311688386e+02 1.873036217919464264e+01
1.208558089049110301e-02 7.062077464939989495e-05 3.892018348623853399e+02 1.830976083115291431e+01
1.231793957662911075e-02 6.797072397413507841e-05 3.896613924050632818e+02 1.922225358399217399e+01
1.255104362664789287e-02 7.284146348496770690e-05 3.907097701149425006e+02 1.899730747344440474e+01
1.278854709885444453e-02 6.836902354776895477e-05 3.891385542168674760e+02 1.908026523048844325e+01
1.301955791686103432e-02 7.052250088700313892e-05 3.894630681818181870e+02 1.977019845702006862e+01
1.325028003696187423e-02 6.572913682214379116e-05 3.851957831325300958e+02 1.978844967654004705e+01
1.348330464865910884e-02 7.403947498893654331e-05 3.836078947368421268e+02 1.966911713766200975e+01
1.372355777471481568e-02 7.011324266142941383e-05 3.814632152588555982e+02 1.886353665983043015e+01
1.396363525470880468e-02 7.100822662538032210e-05 3.764768041237113607e+02 1.874938267308407447e+01
1.419611930545690293e-02 6.442105916470620042e-05 3.730870786516853741e+02 1.878376268384639403e+01
1.442295386479172138e-02 6.909816387485589995e-05 3.655500000000000114e+02 1.968646342300370833e+01
1.465427040331478310e-02 7.032050413528805792e-05 3.609283887468030798e+02 1.874577007862189149e+01
1.488826669148199562e-02 6.870854531503662287e-05 3.523316455696202638e+02 1.938026440205455003e+01
1.512493372137564684e-02 7.038106039296808131e-05 3.410875912408758950e+02 1.943020038181021292e+01
1.535996817115549591e-02 6.948886920014566576e-05 3.319460784313725412e+02 1.849461764601682034e+01
1.559107684366512793e-02 6.926322144844645774e-05 3.224725000000000250e+02 1.963301874394256785e+01
1.582030048556574975e-02 6.778990216657608829e-05 3.122144702842377342e+02 1.862449648568944838e+01
1.604934829520379691e-02 6.632072085052491666e-05 3.036047120418847953e+02 1.775081417131097794e+01
1.628904364851086611e-02 7.370425539511840857e-05 2.952209026128265918e+02 1.711881609551785388e+01
1.652925296731121152e-02 6.866669088367037858e-05 2.882422680412371392e+02 1.793613161181366067e+01
1.676290647126136429e-02 6.841736000850834820e-05 2.869488491048593346e+02 1.608019590476294880e+01
1.698898227523908816e-02 6.513545783602395407e-05 2.824582210242587621e+02 1.663210293693651565e+01
1.721559450095504207e-02 6.815141817037284600e-05 2.835529715762273781e+02 1.683475065445224317e+01
1.745425431013439971e-02 7.361591577158020986e-05 2.832114014251781668e+02 1.736880901337093874e+01
1.769237993647997109e-02 6.752629516254465077e-05 2.815906735751295287e+02 1.635747971852898175e+01
1.792581344598703774e-02 6.995690167491317953e-05 2.830567901234567785e+02 1.673148511390278514e+01
1.815810556613557669e-02 6.785108792352181407e-05 2.842046035805626616e+02 1.651162779599554042e+01
1.839232362436072146e-02 7.095327149885457684e-05 2.855061124694376531e+02 1.707396113184561059e+01
1.863037138017983527e-02 7.115596482089993704e-05 2.867464114832536097e+02 1.731124216605606492e+01
1.886280557207787104e-02 6.449751950033663162e-05 2.895848563968668259e+02 1.740326317826501068e+01
1.909573960115521288e-02 7.170118321703184772e-05 2.891491841491841228e+02 1.701196626692917846e+01
1.933100079269604518e-02 6.740791281490355268e-05 2.910681818181818130e+02 1.728783563057316641e+01
1.956643258492160933e-02 7.263834258317552345e-05 2.916129032258064626e+02 1.703727146576198592e+01
1.980140115393233882e-02 6.562685565221032481e-05 2.892631578947368212e+02 1.617531083624023935e+01
2.002553894851007155e-02 6.516318768203393532e-05 2.880934343434343532e+02 1.691210465159663201e+01
2.025791866108470757e-02 7.136486459924699065e-05 2.881716247139588063e+02 1.750529830034056999e+01
2.049506424590396420e-02 6.900197405484374000e-05 2.868448687350835371e+02 1.741722745614200818e+01
2.073118625762118000e-02 7.052247030088847036e-05 2.853073394495413027e+02 1.630262290015922488e+01
2.096357000287297698e-02 6.647394664901699988e-05 2.836280193236714808e+02 1.751178643769786447e+01
2.119430833328746558e-02 6.961349209216719826e-05 2.827523364485981574e+02 1.685774039469565366e+01
2.143145413784678169e-02 7.298555940605846982e-05 2.813457330415754996e+02 1.626885170851056372e+01
2.167047737296409413e-02 6.691391229536730319e-05 2.778899297423887447e+02 1.596099729732260819e+01
2.189928641736541004e-02 6.715504648428360229e-05 2.749860139860139725e+02 1.671932720913470760e+01
2.212935186570120366e-02 6.857374351609249376e-05 2.739430523917995401e+02 2.102160291176494411e+01
2.236393702227972707e-02 6.998460737683496991e-05 2.709192825112107812e+02 2.293840521376606034e+01
2.259777835583483968e-02 6.986464902764970590e-05 2.701703539823008668e+02 1.549736297132266039e+01
2.283319440761695171e-02 6.790936196889400258e-05 2.693721973094170608e+02 1.729223804228620764e+01
2.306264206423920202e-02 6.694360958493462607e-05 2.665204545454545269e+02 1.677093917544412349e+01
2.329708818082978222e-02 7.159338094189254982e-05 2.662781316348195446e+02 1.737428871827486532e+01
2.353543375433993223e-02 6.985578503684801541e-05 2.637385620915032405e+02 1.560461679721601769e+01
2.377007062717483368e-02 7.009305664980517553e-05 2.651599147121535225e+02 1.725675704692978130e+01
2.400302358301376407e-02 6.597292527615178370e-05 2.610449438202247165e+02 1.440990187550243284e+01
2.423507457935474702e-02 7.157919103467260530e-05 2.601880165289256297e+02 1.464173239425416817e+01
2.447096161315339205e-02 6.736211404920262771e-05 2.600174291938997726e+02 1.636018054960823420e+01
2.470427111069508144e-02 6.982655739072169126e-05 2.587505197505197430e+02 1.634330324938880352e+01
2.493809997853204188e-02 6.775469533352249248e-05 2.614221748400852903e+02 1.736070554831805524e+01
2.517118618717203993e-02 6.980743985615223796e-05 2.582595744680851340e+02 1.706187684478841149e+01
2.540636145408604191e-02 6.938193712001703524e-05 2.563266666666666538e+02 1.762002059947506538e+01
2.563827354025385516e-02 6.629623788449823620e-05 2.557897196261682211e+02 1.581352080935194415e+01
2.586948195348701476e-02 6.770189532135148904e-05 2.537575057736720510e+02 1.556223411800730005e+01
2.609745587984336687e-02 6.509333995869156359e-05 2.540465686274509665e+02 1.556518250089100874e+01
2.633484837400032474e-02 7.348807666944635701e-05 2.528700440528634488e+02 1.621375677952721617e+01
2.657557098811626564e-02 6.881179166339853475e-05 2.517500000000000000e+02 1.519543321120495349e+01
2.680365379537597362e-02 6.422825624438124588e-05 2.504158163265306030e+02 1.559104578143922026e+01
2.703234577850367401e-02 6.946685782169436285e-05 2.470095011876484534e+02 1.471688250387516916e+01
2.726970666685900324e-02 6.993093227310868997e-05 2.469762470308788522e+02 1.626581004824989662e+01
2.750750127458209335e-02 6.961999393279447927e-05 2.439285714285714164e+02 1.505496166545432857e+01
2.774064166089718064e-02 6.699331928476430444e-05 2.428955223880597032e+02 1.529840067915650792e+01
2.797286317169397213e-02 6.855334754057274232e-05 2.419754901960784252e+02 1.635690553877187625e+01
2.820747942598401947e-02 7.000105603626221500e-05 2.406723300970873822e+02 1.623607969065711742e+01
2.843871508024181996e-02 6.660692948204320466e-05 2.386025641025641164e+02 1.476655958750317765e+01
2.867376841695860532e-02 7.113061539282546195e-05 2.350000000000000000e+02 1.496322506231203064e+01
2.890771417331186935e-02 6.480505975226419921e-05 2.341047120418848237e+02 1.533362969280050336e+01
2.913907964587559782e-02 7.035121785828480224e-05 2.324632352941176521e+02 1.561076110150933260e+01
2.937603130710666338e-02 7.051255909955699420e-05 2.295344827586206975e+02 1.533698255209594130e+01
2.960814043237767687e-02 6.584026763423021398e-05 2.286640419947506473e+02 1.506012982286962654e+01
2.983961579365264002e-02 6.983920439112704980e-05 2.287872860635696952e+02 1.592443043038007922e+01
3.007086711816524260e-02 6.649470887843013508e-05 2.257299465240641609e+02 1.576544778001639457e+01
3.030849094681176484e-02 7.199344525738288452e-05 2.241015625000000000e+02 1.569759308655111951e+01
3.054989504902336575e-02 6.904743658252054722e-05 2.212506963788300709e+02 1.561503168574282263e+01
3.078165236014722417e-02 6.430462589111944952e-05 2.194969325153374200e+02 1.508167883213933358e+01
3.100904415161786359e-02 6.891371557748558090e-05 2.178761061946902657e+02 1.470844203705608599e+01
3.124378004707335788e-02 6.802347259085625550e-05 2.170518292682926926e+02 1.577636882195724866e+01
3.148005278710188509e-02 6.963790735804129299e-05 2.149579579579579445e+02 1.461357809617072867e+01
3.171371101549351479e-02 6.491098522060580905e-05 2.133214285714285836e+02 1.417521387181471759e+01
3.194253270530488659e-02 6.643720727097939297e-05 2.102065573770491937e+02 1.309889163658361788e+01
3.217772739409639066e-02 7.207253078604244857e-05 2.080154320987654444e+02 1.462503965084895974e+01
3.241258335410790448e-02 6.484611046219248903e-05 2.070871080139372964e+02 1.490456392554579779e+01
3.264445272271138121e-02 7.067815627986795619e-05 2.055833333333333428e+02 1.553113257492283950e+01
3.288009324972624575e-02 6.514072171913584642e-05 2.025052631578947455e+02 1.330344202504592488e+01
3.311251835395861987e-02 6.923154512368420417e-05 2.011598639455782234e+02 1.421059371273343075e+01
3.334620240946842284e-02 6.906008769013418584e-05 1.992708333333333428e+02 1.357082064697663526e+01
3.358123372194379841e-02 6.790165455744005493e-05 1.969428571428571502e+02 1.423727860375066179e+01
3.381409346726198945e-02 6.946853510284985394e-05 1.966161971830985919e+02 1.496613332816030351e+01
3.405235163866184023e-02 6.660978410321308902e-05 1.953531468531468533e+02 1.475234784143066591e+01
3.428443415797702287e-02 7.014504093919582688e-05 1.933081761006289412e+02 1.549265467244053873e+01
3.451790515064617759e-02 6.752790833138901940e-05 1.927784810126582329e+02 1.406306682704586741e+01
3.475058674309065149e-02 6.860561414856442648e-05 1.899418960244648247e+02 1.525881085226989775e+01
3.498255247524993672e-02 6.949851211445105619e-05 1.870716417910447831e+02 1.449810612838341051e+01
3.521787450520567214e-02 6.928285379750772884e-05 1.852836257309941459e+02 1.361938461244520404e+01
3.545148567192742128e-02 6.819735758945621247e-05 1.840497076023391685e+02 1.329910130613222208e+01
3.568299999600531985e-02 6.771859016455015492e-05 1.825420289855072440e+02 1.405312720973630469e+01
3.591626020472690056e-02 6.847219215976182126e-05 1.815698005698005773e+02 1.355558459643200742e+01
3.615098875833893527e-02 7.052968595604587306e-05 1.799944903581267113e+02 1.494194306155495866e+01
3.638614682571900127e-02 6.820923678434241515e-05 1.777401129943502838e+02 1.340564752696264783e+01
3.661805186382561389e-02 6.907515541028400551e-05 1.772975206611570229e+02 1.433975433945286682e+01
3.685317606104113880e-02 6.904996252045599340e-05 1.742309782608695627e+02 1.349210697461173858e+01
3.708883642168768480e-02 6.873622836593106498e-05 1.727513513513513601e+02 1.334529734721598437e+01
3.732239511597464088e-02 6.812675490547725891e-05 1.712113821138211449e+02 1.358090517248986373e+01
3.755463123269808107e-02 6.778877579542675561e-05 1.693804347826086882e+02 1.325011480315496648e+01
3.778670279175407737e-02 6.944847979951479207e-05 1.677241379310344769e+02 1.271405939581511646e+01
3.802298536488796232e-02 7.020534180361206209e-05 1.661220779220779207e+02 1.331685626639034403e+01
3.825885045270431550e-02 6.844491048717255130e-05 1.659711286089238911e+02 1.327289321660461141e+01
3.849029289296715395e-02 6.652498920162236353e-05 1.623146666666666533e+02 1.324026021899369354e+01
3.872248042820892328e-02 6.790361104831614330e-05 1.612124352331606190e+02 1.281654055420172256e+01
3.895386220490307250e-02 6.719082682281010037e-05 1.593377308707123916e+02 1.215273384006194135e+01
3.918674717410664671e-02 7.000314829290660062e-05 1.571291139240506425e+02 1.287166885050091736e+01
3.942407118577949399e-02 7.012279782529274620e-05 1.564193548387096655e+02 1.190351496215863136e+01
3.965683877455637024e-02 6.593437650155711338e-05 1.550337662337662437e+02 1.202201387770912255e+01
3.988742774945142761e-02 6.864886435371258416e-05 1.534292803970223247e+02 1.305800798876005508e+01
4.012278533538721215e-02 6.997066240485112700e-05 1.514903381642511988e+02 1.304016016124683652e+01
4.035757945334737112e-02 6.763234382336403173e-05 1.500049504950495134e+02 1.297083505421779392e+01
4.059262090047784100e-02 7.047756166092368556e-05 1.478387850467289582e+02 1.272697801982027599e+01
4.082512016076288858e-02 6.496092607463988043e-05 1.470352644836272020e+02 1.202836085636627139e+01
4.105717491102069128e-02 7.111181249420595236e-05 1.445558086560364472e+02 1.194109865640750989e+01
4.129381576814993016e-02 6.732684386414472533e-05 1.428690476190476204e+02 1.212717007253769808e+01
4.152473579130346731e-02 6.726668318915885337e-05 1.413066037735848965e+02 1.135443643172541073e+01
4.175787959977999425e-02 6.911235940839533670e-05 1.394178082191780845e+02 1.160734680196435598e+01
4.199237839299468922e-02 6.860112016482474860e-05 1.386682027649769680e+02 1.196816913117265813e+01
4.222717975068539242e-02 7.045110183040372183e-05 1.379823008849557482e+02 1.240644999854080588e+01
4.246249924109424950e-02 6.709506009279194230e-05 1.358260869565217490e+02 1.150431306003038223e+01
4.269335040669582776e-02 6.700621335665329654e-05 1.362414578587699339e+02 1.239577477106653269e+01
4.292717084091476204e-02 6.896437123237502613e-05 1.324070796460177064e+02 1.120835501662550193e+01
4.316007288560289035e-02 6.735835804845247382e-05 1.320592255125284851e+02 1.206913639067959210e+01
4.339440191910803879e-02 7.037245596857638261e-05 1.297792207792207932e+02 1.110879489922810315e+01
4.363144753970988471e-02 6.826143681517027339e-05 1.300199556541020058e+02 1.127078915373908075e+01
4.386107962274469335e-02 6.624164794214468591e-05 1.268073394495412884e+02 1.134130874577523329e+01
4.409573705596323001e-02 7.170940769140793695e-05 1.255681341719077579e+02 1.120353004544610798e+01
4.433534367545302612e-02 6.775590854826653211e-05 1.253596491228070136e+02 1.138774129224037956e+01
4.456682912223779158e-02 6.610492296161660122e-05 1.235691964285714306e+02 1.121695783607573915e+01
4.479780304487864656e-02 6.786442677967826091e-05 1.221225382932166355e+02 1.195993131661677289e+01
4.503013318854280633e-02 6.853635641818868680e-05 1.209084967320261370e+02 1.137737170175165957e+01
4.526436263630335272e-02 6.918514626283685297e-05 1.195460385438972111e+02 1.019901601352888143e+01
4.549984770861909000e-02 6.833630877532204714e-05 1.177880085653104913e+02 1.086335222361531017e+01
4.573057769171592901e-02 6.540293680537103750e-05 1.171403118040089026e+02 1.089382864752671409e+01
4.596282480080345761e-02 6.990247096589263711e-05 1.158368200836820137e+02 1.021352667635631128e+01
4.619732296389236076e-02 6.786250507108923557e-05 1.143982683982683994e+02 1.066217947586597425e+01
4.643258444511101646e-02 7.033191385126720280e-05 1.136247422680412313e+02 1.032476033371041169e+01
4.666845704786030252e-02 6.692058153033048496e-05 1.117068965517241423e+02 1.055852376979775009e+01
4.689934413756127740e-02 6.802189408205146866e-05 1.096857749469214411e+02 1.027531625469269194e+01
4.713438507358027468e-02 6.944147399833233919e-05 1.098946280991735591e+02 1.036637928824935173e+01
4.736795136815064727e-02 6.656957436849283657e-05 1.084925053533190606e+02 1.014490476367344307e+01
4.759859747438226207e-02 6.769763208725077138e-05 1.070294736842105294e+02 9.843899189169780684e+00
4.783274694655795245e-02 6.928267493286968941e-05 1.060597938144329930e+02 1.003430464135185574e+01
4.806634396749334681e-02 6.807281927440189521e-05 1.058765690376569069e+02 1.051732920882174760e+01
4.830248047396420996e-02 6.966332651828869844e-05 1.042076612903225765e+02 9.971918085261608056e+00
4.853643200824572096e-02 6.606102041943429451e-05 1.029830866807611045e+02 1.036917367723593308e+01
4.876414520816241271e-02 6.613248851928526920e-05 1.018917197452229289e+02 9.752061073105018352e+00
4.899792577344610350e-02 7.109046729717630826e-05 1.005445544554455495e+02 1.021160202898798808e+01
4.923470399315162116e-02 6.843725681761876167e-05 9.947942386831275030e+01 9.732510288065844506e+00
4.947209300203903731e-02 7.062440267994869150e-05 9.877103718199609261e+01 1.011160639703324193e+01
4.970767414357019076e-02 6.568520737628115111e-05 9.696868475991649916e+01 9.915035603312022161e+00
4.993955421601320444e-02 6.870069007268534431e-05 9.480360721442885108e+01 9.912801900143060507e+00
5.017343134654914799e-02 6.784437425331957467e-05 9.414949494949495090e+01 9.682128373231325469e+00
5.040364307755263590e-02 6.549987049623397846e-05 9.349064449064448468e+01 9.759658422576109160e+00
5.063525219032424807e-02 6.906177440634427543e-05 9.287549407114624955e+01 9.672301803345815685e+00
5.087248401921887209e-02 6.982607771126056830e-05 9.162745098039215463e+01 8.925271802007799238e+00
5.110824603904627617e-02 6.828347019243583200e-05 9.087824351297405201e+01 9.252118611324256392e+00
5.134041616444540157e-02 6.749734166748146504e-05 8.918600000000000705e+01 9.609046570810233945e+00
5.157233759481640728e-02 6.701141620730611365e-05 8.833667334669338800e+01 8.858696524344042089e+00
5.180603234918396832e-02 6.902301690403682475e-05 8.745419103313840026e+01 9.116169008334704671e+00
5.204093912643181080e-02 6.858285367200194556e-05 8.670923379174853096e+01 9.214714021017506695e+00
5.227550176404114485e-02 6.841128413638082530e-05 8.507407407407407618e+01 9.522545245456829122e+00
5.250874134631969281e-02 6.710124584087647154e-05 8.370611439842208767e+01 8.586365638110695642e+00
5.273983379343173683e-02 6.699865505256583098e-05 8.270775347912524467e+01 9.452901719804103209e+00
5.297309563147201833e-02 7.004200559247158596e-05 8.222770398481974041e+01 8.488959592528379616e+00
5.320870841843343413e-02 6.736639692893721994e-05 8.053033268101761166e+01 8.946657552532135682e+00
5.344158726524587955e-02 6.810737650478912789e-05 8.024662813102119685e+01 9.059924483788297067e+00
5.367526270033567970e-02 6.805918753122887452e-05 7.894026974951830766e+01 9.095944239222948369e+00
5.391026527670270824e-02 6.883326900963864436e-05 7.862167300380228596e+01 8.523099299811631724e+00
5.414369868353056253e-02 6.749358219613563344e-05 7.675915221579961667e+01 8.629792592589870637e+00
5.437486949081267451e-02 6.641570492905651368e-05 7.563229571984436461e+01 8.637887787053751154e+00
5.460633195359332337e-02 6.803263502740879241e-05 7.580418250950570780e+01 8.721791573571913148e+00
5.484155575107002578e-02 6.931669974032373370e-05 7.374719101123595522e+01 8.471876583249599690e+00
5.507758596231705078e-02 6.905344121730599505e-05 7.333583489681051049e+01 8.402874227771372162e+00
5.531123208233620220e-02 6.772891677133621323e-05 7.271401515151515582e+01 9.075079336725409007e+00
5.554365515600671876e-02 6.719762712666427933e-05 7.084571428571427987e+01 7.926008852286919648e+00
5.577734969999190856e-02 6.950070055363419556e-05 7.024861878453039310e+01 8.403902132641396960e+00
5.601099427749139242e-02 6.700515619549475674e-05 6.929714285714285893e+01 8.072403649488304467e+00
5.624621814925619134e-02 7.010497752434535551e-05 6.812454873646208853e+01 8.027539543958688739e+00
5.648196424828423601e-02 6.688681858197991978e-05 6.778719397363465760e+01 7.933663302376114501e+00
5.671540211382259528e-02 6.857993554508776460e-05 6.666482504604051940e+01 7.981292927959007244e+00
5.695057597478152267e-02 6.911508132478911160e-05 6.563272727272726570e+01 7.770508774306239985e+00
5.718334936048233286e-02 6.546013463055807180e-05 6.500569259962048818e+01 7.605798823244001028e+00
5.741421041024297178e-02 6.793445858109002969e-05 6.396350364963503665e+01 7.542971008575379166e+00
5.764613918380164653e-02 6.637197386990278968e-05 6.352996254681647770e+01 7.894262668199463207e+00
5.788167249397389164e-02 7.061552392955100337e-05 6.244190140845070403e+01 7.779139295764037065e+00
5.811737136754223376e-02 6.704761694123777174e-05 6.137892791127541869e+01 7.551755950839167397e+00
5.834837921127641880e-02 6.699294913716081861e-05 6.069117647058823195e+01 7.590000293479397975e+00
5.858116591208732682e-02 6.832957605342608631e-05 5.907014388489208301e+01 7.699076667565204701e+00
5.881666226357543104e-02 6.848621822711322728e-05 5.888014311270125489e+01 7.831619061396746240e+00
5.905135363872197202e-02 6.777347974127791586e-05 5.853790613718411606e+01 7.567773432409921952e+00
5.928387195222793726e-02 6.772469370990553635e-05 5.692985611510791699e+01 7.592972215057871566e+00
5.951647621897535045e-02 6.683838279782646321e-05 5.660980036297640794e+01 6.955356326637427422e+00
5.974911582084686118e-02 6.869520850335110538e-05 5.562300884955752167e+01 7.719911491744151810e+00
5.998323909506843993e-02 6.775808722689177679e-05 5.518604651162790731e+01 7.354776137864965868e+00
6.021684065425213228e-02 6.821508261215899929e-05 5.402477876106194543e+01 6.673375693271793807e+00
6.045118304879574384e-02 6.844978444519072473e-05 5.396830985915492818e+01 6.717566561326499652e+00
6.068596061100132305e-02 6.815720570038588807e-05 5.295759717314487602e+01 7.158471214057427368e+00
6.092170969789185986e-02 6.974114108008298168e-05 5.162264150943396146e+01 6.490077368017717063e+00
6.115588848048909842e-02 6.553171796432443320e-05 5.114801444043321510e+01 7.280731063573291806e+00
6.138574783689496051e-02 6.713556217832948266e-05 5.016871704745167193e+01 6.701778464546525704e+00
6.161712726612254831e-02 6.659023579644488087e-05 5.014387211367672847e+01 6.675621754546876119e+00
6.184947732418764887e-02 6.842032557768410134e-05 4.866897746967070759e+01 6.856089865183688126e+00
6.208512874242018420e-02 6.932646695378516153e-05 4.822393162393162669e+01 6.686878193971133477e+00
6.232030440033373142e-02 6.786811594346220963e-05 4.741811846689895305e+01 6.935626061239421603e+00
6.255454887890503357e-02 6.903232039090102389e-05 4.709369676320272902e+01 6.777674088937537533e+00
6.279030404341265359e-02 6.817541082358109035e-05 4.654810996563573866e+01 6.956998630878677758e+00
6.302442562177140717e-02 6.783890935135950873e-05 4.578082191780821830e+01 6.961701249945193126e+00
6.325799215551787535e-02 6.707804214318665616e-05 4.474698795180722755e+01 6.703269967428300724e+00
6.349026508375751887e-02 6.699336420408434482e-05 4.446459412780656351e+01 6.553419228280950470e+00
6.372409184272515015e-02 6.892879157383024775e-05 4.356448911222780396e+01 6.662016593289559196e+00
6.395793742953777283e-02 6.642518885272369008e-05 4.289081455805892773e+01 6.367842212218779885e+00
6.419031457975818422e-02 6.826620328541081642e-05 4.218425460636515822e+01 6.334600452618555977e+00
6.442283327309653029e-02 6.576027226970875277e-05 4.142287694974003642e+01 6.060103484941743446e+00
6.465485140213383941e-02 6.860083938040020173e-05 4.087458193979933441e+01 6.373081484210696424e+00
6.489057688868674068e-02 6.918162283112673440e-05 3.989569536423841356e+01 6.364523530767572268e+00
6.512677614053768993e-02 6.800662934234975800e-05 3.901507537688442540e+01 6.327716728008967451e+00
6.535916383847417688e-02 6.723036061670840198e-05 3.899831365935919081e+01 6.188167546536805119e+00
6.559238943166004199e-02 6.775429361515336514e-05 3.849499999999999744e+01 6.039933774471371919e+00
6.582758612999557724e-02 6.859118299963685495e-05 3.780788177339901779e+01 6.400729901068983985e+00
6.606077625847779633e-02 6.646968386304463305e-05 3.727824620573355929e+01 5.808984090093030517e+00
6.629499012582010242e-02 6.873985157622226514e-05 3.641368078175895562e+01 6.111256602978730967e+00
6.652802461243248477e-02 6.667147267887053093e-05 3.611428571428571388e+01 5.836475115745005660e+00
6.676018753795931460e-02 6.790988101603729471e-05 3.518719211822659787e+01 5.765796790410613326e+00
6.699409877892320564e-02 6.752760488477305384e-05 3.444991789819376038e+01 5.577807953503125304e+00
6.722746570366622265e-02 6.715296906548569008e-05 3.459441707717569869e+01 5.805752121230155716e+00
6.746032149556230317e-02 6.698676487551811836e-05 3.351980198019801804e+01 5.871672525599856307e+00
6.769235389026706518e-02 6.820371575645631246e-05 3.323941368078175884e+01 5.771298975180682689e+00
6.792641117254087646e-02 6.820173351531172944e-05 3.251707317073170600e+01 5.616770446781158554e+00
6.816107073590284282e-02 6.878058967958357989e-05 3.175801282051282115e+01 5.645541971200500164e+00
6.839600153518463066e-02 6.745423942297350728e-05 3.134359805510534969e+01 5.673233353042672178e+00
6.862947544649959652e-02 6.741836193410811529e-05 3.149676375404530759e+01 5.495804562137720950e+00
6.886076050521675040e-02 6.695139243677821319e-05 2.992495921696574257e+01 5.522676533171635427e+00
6.909448405671331228e-02 6.857937925099385861e-05 2.989189189189189122e+01 5.264474412841863682e+00
6.933147198058889349e-02 6.945851940459737387e-05 2.933489827856024945e+01 5.341787118483538599e+00
6.956615814272766596e-02 6.659838482515636180e-05 2.901626016260162544e+01 5.452657092049172149e+00
6.979892421020185422e-02 6.845449894488580623e-05 2.824724409448818818e+01 5.215124872431614378e+00
7.003324628087082004e-02 6.708437855477542738e-05 2.788338658146964733e+01 5.266139137639532564e+00
7.026696723216839524e-02 6.749325677359571186e-05 2.764398734177215289e+01 5.065792005011535259e+00
7.049943687314187690e-02 6.712218498041330988e-05 2.678913738019169344e+01 4.851625212954277622e+00
7.073256586487845776e-02 6.824893734348157486e-05 2.654003139717425341e+01 5.162473156413456721e+00
7.096739529320396367e-02 6.805665211298504431e-05 2.568124999999999858e+01 4.806352607812395483e+00
7.119963565831700925e-02 6.604383357070072315e-05 2.563461538461538325e+01 5.108177036197560028e+00
7.143251491571993295e-02 6.833023575511234995e-05 2.521207430340557210e+01 5.162552392516222888e+00
7.166748936443330387e-02 6.797747120010720200e-05 2.498598130841121545e+01 4.910072902537262252e+00
7.190239887094113103e-02 6.812567208000406508e-05 2.385116279069767486e+01 4.664157042361497751e+00
7.213564083891418899e-02 6.727815908267241148e-05 2.384843749999999929e+01 5.044822047623433114e+00
7.236775266651256089e-02 6.677609510169290425e-05 2.343260188087774409e+01 4.718408304950256316e+00
7.260248712279285255e-02 6.869830537591529508e-05 2.314545454545454461e+01 4.936134823649490855e+00
7.283623165966979229e-02 6.586822544777081725e-05 2.263307086614173258e+01 4.731555749987485626e+00
7.306707252174290956e-02 6.700747180961246050e-05 2.187131782945736447e+01 4.866941273606610885e+00
7.329949258276330371e-02 6.772475651974369101e-05 2.178648233486943298e+01 4.563110536450706967e+00
7.353390515197159860e-02 6.826447305255654060e-05 2.139541984732824531e+01 4.482022049022361898e+00
7.377004759623378982e-02 6.923659859914002232e-05 2.076532137518684706e+01 4.779271507189278623e+00
7.400585793887086428e-02 6.684871515157072869e-05 2.038957055214724079e+01 4.355280035495658453e+00
7.423882513885866896e-02 6.705699330302101503e-05 2.024237804878048763e+01 4.411512148161104818e+00
7.447179934364664411e-02 6.729631389406922585e-05 1.938449848024315969e+01 4.410733382453792650e+00
7.470386502595725842e-02 6.677743912390293128e-05 1.932615384615384713e+01 4.664791451923743004e+00
7.493684316276932877e-02 6.880723494932199492e-05 1.905349182763744409e+01 4.343553879732666267e+00
7.517114345002372244e-02 6.635401491145231717e-05 1.866972477064220115e+01 4.230609710764576370e+00
7.540400894130300236e-02 6.796181942783490750e-05 1.820746268656716538e+01 4.094475737631170453e+00
7.563888952420828871e-02 6.793007447686484233e-05 1.791356184798807760e+01 4.099889160842542957e+00
7.587212767299332528e-02 6.666720262525264009e-05 1.750531107738998315e+01 4.029526215444033888e+00
7.610444662739059007e-02 6.812128212821508440e-05 1.715259259259259395e+01 3.875934402142525936e+00
7.633840355552658219e-02 6.704448074672975544e-05 1.697142857142857153e+01 4.190829331212527542e+00
7.657294088866806181e-02 6.913426714198188134e-05 1.677147016011644709e+01 4.363720399869404076e+00
7.680909613855584073e-02 6.745120118354667115e-05 1.624408284023668614e+01 4.198296783100953000e+00
7.704345247504407190e-02 6.715677607695802020e-05 1.578402366863905293e+01 3.920861267103529890e+00
7.727476474555629304e-02 6.635027155862049334e-05 1.559070464767616215e+01 3.814053763011389098e+00
7.750787862388756888e-02 6.818542687846034010e-05 1.520614035087719351e+01 3.834504083399825181e+00
7.774237043501058819e-02 6.813069542586966778e-05 1.481313868613138673e+01 3.668547494046433766e+00
7.797665167592943147e-02 6.707760415591992138e-05 1.448898678414096963e+01 3.900121687108157875e+00
7.821051974065167112e-02 6.733218681971041611e-05 1.430218978102189809e+01 3.991002454446842318e+00
7.844387394979719652e-02 6.745944882601931131e-05 1.401313868613138602e+01 3.679276128923009814e+00
7.867743152837132492e-02 6.749240172701480983e-05 1.367591240875912462e+01 3.600026047584859334e+00
7.890970530980039033e-02 6.748164380015466649e-05 1.350583090379008766e+01 3.561410952109922867e+00
7.914414745391105954e-02 6.806851035759457725e-05 1.311350574712643713e+01 3.448960061431673552e+00
7.937949292746850072e-02 6.797541296510754361e-05 1.275574712643678232e+01 3.338480098163582266e+00
7.961030015032465046e-02 6.738864298828837172e-05 1.277727272727272734e+01 3.335992052629413784e+00
7.984598519055025045e-02 6.790561728139939753e-05 1.234423676012461080e+01 3.342650820213846519e+00
8.007687882222253029e-02 6.447056716295559542e-05 1.224915824915824913e+01 3.377329284097388307e+00
8.030494588125068611e-02 6.608834776223229527e-05 1.203716216216216139e+01 3.633370948627280494e+00
8.054004005809645150e-02 6.984151446891397389e-05 1.177504105090311981e+01 3.421643577311258344e+00
8.077714850029885096e-02 6.767392876517773568e-05 1.141278065630397265e+01 3.134233014131739825e+00
8.101269351174554545e-02 6.824941035471516354e-05 1.098442906574394407e+01 3.322317397602283062e+00
8.124499042027705231e-02 6.566391543360840461e-05 1.088482632541133377e+01 3.375529990163105953e+00
8.147763778805076906e-02 6.850612538316699495e-05 1.075535714285714306e+01 3.234368807299603077e+00
8.171370565696982335e-02 6.843303816104012401e-05 1.056419529837251403e+01 3.219104157560969348e+00
8.194644813657113447e-02 6.527704147071792412e-05 1.028244274809160252e+01 3.149724608109174984e+00
8.217941383646631959e-02 6.844304487629756508e-05 9.957564575645756477e+00 3.031806042260680734e+00
8.241354877640369447e-02 6.643977738405588268e-05 9.576402321083172353e+00 3.077279473292470424e+00
8.264613760478992099e-02 6.785385497585561844e-05 9.612284069097889017e+00 2.881303043495857974e+00
8.288072046378301694e-02 6.777539431253258432e-05 9.473887814313346922e+00 2.990109865595541816e+00
8.311212554025591837e-02 6.484000319727093505e-05 9.214285714285713524e+00 2.879808059687554600e+00
8.334638570633212673e-02 7.022221827522090226e-05 8.860153256704981217e+00 3.040483974442758086e+00
8.358704646049577858e-02 6.663645268385280900e-05 8.731939163498099177e+00 2.937218673921784262e+00
8.382143415227705230e-02 6.846312793730281276e-05 8.671902268760907972e+00 2.875845585884190481e+00
8.405591962697228636e-02 6.576640212805385805e-05 8.479859894921190744e+00 2.862584973367377827e+00
8.428680641257924044e-02 6.623286801922068177e-05 8.319039451114923267e+00 2.929994439004355744e+00
8.452023012686848968e-02 6.905229191131505512e-05 8.151857835218093484e+00 2.617783478708076039e+00
8.475508438648238219e-02 6.596024294369417270e-05 7.932343234323432135e+00 2.768921826080778636e+00
8.498773362002838561e-02 6.745598113771460842e-05 7.622820919175911314e+00 2.641211302959836527e+00
8.522017358652922425e-02 6.573424789204848628e-05 7.279293739967897636e+00 2.745105722946451721e+00
8.545345635918015492e-02 6.827530828384012593e-05 7.519938650306748684e+00 2.737565512059288775e+00
8.568838710074284937e-02 6.739557208403640777e-05 7.255351681957186827e+00 2.711289011741703447e+00
8.591990562469611903e-02 6.499275358868887781e-05 7.029641185647426127e+00 2.545518976983182746e+00
8.615047449966896365e-02 6.728541472914020762e-05 6.781437125748502659e+00 2.710279626702328581e+00
8.638537494001211070e-02 6.792206805344957186e-05 6.678939617083947233e+00 2.489650973089929220e+00
8.662074503924638291e-02 6.782280238804023608e-05 6.676900584795321336e+00 2.589416135115431672e+00
8.685381778459443092e-02 6.674020065135433848e-05 6.586510263929619136e+00 2.468565543520571559e+00
8.708770284767913816e-02 6.753597429739365476e-05 6.538129496402877550e+00 2.591429620674456480e+00
8.732212221979428202e-02 6.822332096859763445e-05 6.301136363636363313e+00 2.584498211384322897e+00
8.755723433992959603e-02 6.741755499607516103e-05 5.894436519258202445e+00 2.316621925439506402e+00
8.779078654295230377e-02 6.688902566296500132e-05 5.961373390557939800e+00 2.324811268028800004e+00
8.802385785273660057e-02 6.732631344927013264e-05 5.796033994334277573e+00 2.382783185069857979e+00
8.825920820130851718e-02 6.779425408112107370e-05 5.619382022471910432e+00 2.376580464704274753e+00
8.849234674886145846e-02 6.696150027325509799e-05 5.695035460992907694e+00 2.424206431410378393e+00
8.872137438766081186e-02 6.623799103067982519e-05 5.489520958083832447e+00 2.374520489779828658e+00
8.895429543332857014e-02 6.738487815592646569e-05 5.235023041474654804e+00 2.391188540987451372e+00
8.918772016087560262e-02 6.684333251713010609e-05 5.239234449760765244e+00 2.229766033951835258e+00
8.942216213337644826e-02 6.785239281137156507e-05 5.051529790660225672e+00 2.232609507222071965e+00
8.965567864572877854e-02 6.700437258479202294e-05 4.903494176372712232e+00 2.324472336095770864e+00
8.988740917090436156e-02 6.600763457825628208e-05 4.867924528301887044e+00 2.021199019691011234e+00
9.011975323533148730e-02 6.773804127286482647e-05 4.669491525423729250e+00 2.132564438187531941e+00
9.035608288166475932e-02 6.874767433980949428e-05 4.702020202020202433e+00 2.067448367950390331e+00
9.059423529262686237e-02 6.860051062213127538e-05 4.494932432432432456e+00 2.142113020386887445e+00
9.082806409944925441e-02 6.591920751229069322e-05 4.313380281690140983e+00 2.087239774680554660e+00
9.105979902993641129e-02 6.679468897932259346e-05 4.311188811188810810e+00 1.991643196737596710e+00
9.129435639159146076e-02 6.847518630411293563e-05 4.219554030874785866e+00 2.021376599900647442e+00
9.152650281439915492e-02 6.468590151769530185e-05 4.241379310344827402e+00 2.089268201338083220e+00
9.175728164276017451e-02 6.760337681272159235e-05 4.075043630017452401e+00 1.949559473907474416e+00
9.199104812749678284e-02 6.693583434796843623e-05 4.056838365896980214e+00 1.840070086440881880e+00
9.222507569997025201e-02 6.793803912847704170e-05 3.925925925925926041e+00 1.987090086094589925e+00
9.246186654200068411e-02 6.944239987391782215e-05 3.917098445595855072e+00 1.935014079661277142e+00
9.269596921447360860e-02 6.487594269754672440e-05 3.731123388581952138e+00 1.910750403688618038e+00
9.292703616442406223e-02 6.779858569529950100e-05 3.678445229681978734e+00 1.956756653886655650e+00
9.316059594520455234e-02 6.613368773353799079e-05 3.788706739526411571e+00 1.940498634829515900e+00
9.339538772676710121e-02 6.900293928083786957e-05 3.645614035087719085e+00 1.882541977408918488e+00
9.363035783291058511e-02 6.644185014357123227e-05 3.442622950819671956e+00 1.899518319684063927e+00
9.386245806937851266e-02 6.674446860279308080e-05 3.518987341772152000e+00 1.846540002917516299e+00
9.409440198891941276e-02 6.727128699980994470e-05 3.351885098743267566e+00 1.864523950364076255e+00
9.432822867807295897e-02 6.787030890533636790e-05 3.293072824156305423e+00 1.742752593412029150e+00
9.456450311453787339e-02 6.856686819874252005e-05 3.195121951219512368e+00 1.801732356178563865e+00
9.479870037226469093e-02 6.586042330461264486e-05 3.300359712230215958e+00 1.828108020560531122e+00
9.503065075680132423e-02 6.692670173723798215e-05 3.195381882770870430e+00 1.801767128810425334e+00
9.526552764507723037e-02 6.873817835408579122e-05 3.170434782608695823e+00 1.736797565779923058e+00
9.549948238481764662e-02 6.592497101293757838e-05 3.114337568058076045e+00 1.767272073614752248e+00
9.573145469357186021e-02 6.763779021303956466e-05 3.109347442680776119e+00 1.750953283313553488e+00
9.596344353397949500e-02 6.508803650637630216e-05 2.992673992673992700e+00 1.696237686561112623e+00
9.619719815228761073e-02 6.891878545311372979e-05 2.912739965095985983e+00 1.704398241354028842e+00
9.643338477973723011e-02 6.764486940942661787e-05 2.853832442067736341e+00 1.633466886401138352e+00
9.666686513379581236e-02 6.634527000553854632e-05 2.831215970961887596e+00 1.655510679606489344e+00
9.689804830612920583e-02 6.673844817570089385e-05 2.705776173285198372e+00 1.669295497879168977e+00
9.713211530402467153e-02 6.751532973417066546e-05 2.596774193548387011e+00 1.546687388476972957e+00
9.736750905795905908e-02 6.828413715794354373e-05 2.724199288256227813e+00 1.640770091397809383e+00
9.760254220852407347e-02 6.723724816253193984e-05 2.774774774774774855e+00 1.606081696968201911e+00
9.783729966421263191e-02 6.713292727370104079e-05 2.478339350180505551e+00 1.643672042283822021e+00
9.807012441261567237e-02 6.702921340280121982e-05 2.621818181818181603e+00 1.598840488945317162e+00
9.830432198494945539e-02 6.771531372861528232e-05 2.650450450450450468e+00 1.638961348662779649e+00
9.853663875749650580e-02 6.592920559052215760e-05 2.605166051660516402e+00 1.559467397199462146e+00
9.876785373964377945e-02 6.639572360800846391e-05 2.539305301645338186e+00 1.551342074706185015e+00
9.900171307164255807e-02 6.725503490443550815e-05 2.478181818181818041e+00 1.591863609756223319e+00
9.923465994738583928e-02 6.748068345197972770e-05 2.427007299270072860e+00 1.545246596004546724e+00
9.947119774122156755e-02 6.881988242762419612e-05 2.518783542039356060e+00 1.563258577991754716e+00
9.970633280334199877e-02 6.694105292138958260e-05 2.418348623853210810e+00 1.570972270899892997e+00
9.993728249839414768e-02 6.534832822620718473e-05 2.391385767790262129e+00 1.544345588409940628e+00
1.001703666773564594e-01 6.807110521762425154e-05 2.527075812274368172e+00 1.622618187041317661e+00
1.004042664217037195e-01 6.656925648346958700e-05 2.361111111111111160e+00 1.518371718288086925e+00
1.006397678263622197e-01 6.842954627529723277e-05 2.365765765765765583e+00 1.541682312254858633e+00
1.008742614643446667e-01 6.658751459513834290e-05 2.293135435992578852e+00 1.441485613115333964e+00
1.011048192716836602e-01 6.576603880257255797e-05 2.361581920903955023e+00 1.599751542095108503e+00
1.013390231998947122e-01 6.916081345207424958e-05 2.265232974910394326e+00 1.513979512870297972e+00
1.015727676549605663e-01 6.516705286347274908e-05 2.199240986717267532e+00 1.496535491394894946e+00
1.018063810355425147e-01 6.852265857895202593e-05 2.240506329113924000e+00 1.447860031247814261e+00
1.020425928562866541e-01 6.754985595762503701e-05 2.255985267034990915e+00 1.551850338057635836e+00
1.022745336203261940e-01 6.568464132683736977e-05 2.288425047438330306e+00 1.556310419271320855e+00
1.025079986564226969e-01 6.883363629312960503e-05 2.279783393501805033e+00 1.487561761846600161e+00
1.027413231873401389e-01 6.438235018542032870e-05 2.262955854126679434e+00 1.548473338831670043e+00
1.029738054843176154e-01 6.827106302290229681e-05 2.176684881602914512e+00 1.490735354394517209e+00
1.032091814552798248e-01 6.721742881697321279e-05 2.227188081936685382e+00 1.462447530189725953e+00
1.034439824047587719e-01 6.784155240531380992e-05 2.288354898336414145e+00 1.428068891635367210e+00
1.036790446583389369e-01 6.769644679304059084e-05 2.195571955719556989e+00 1.432017223922786409e+00
1.039108473112752701e-01 6.478868293181549987e-05 2.121387283236994215e+00 1.530344319083289717e+00
1.041435991355559865e-01 6.876976636486558856e-05 2.190909090909090917e+00 1.432826484797511846e+00
1.043796853337771446e-01 6.639151268194193886e-05 2.097744360902255689e+00 1.481093274817790961e+00
1.046125879328569097e-01 6.649047237023615630e-05 2.210526315789473895e+00 1.489708794111940904e+00
1.048449497528018554e-01 6.678671360180158550e-05 2.112570356472795563e+00 1.405803002065219243e+00
1.050782436420249349e-01 6.680234379189081782e-05 2.143396226415094308e+00 1.526647135848390180e+00
1.053121578057464591e-01 6.813810244029516923e-05 2.231053604436229243e+00 1.444186096278364584e+00
1.055465828127617189e-01 6.602091647410296903e-05 2.163187855787476188e+00 1.526569887356306721e+00
1.057784850233827734e-01 6.633866725893719138e-05 2.178030303030303205e+00 1.448250761641449724e+00
1.060121054701392146e-01 6.796601729703331872e-05 2.189591078066914331e+00 1.443387242114004820e+00
1.062489964857592228e-01 6.804532742857089987e-05 2.178770949720670203e+00 1.427983667715973626e+00
1.064814477792258851e-01 6.617151051899120408e-05 2.204588910133843171e+00 1.526886868634866889e+00
1.067134525370284776e-01 6.660088521860815184e-05 2.242424242424242209e+00 1.423033013264672686e+00
1.069489685164438514e-01 6.844070374709154171e-05 2.330868761552680191e+00 1.515237065597488275e+00
1.071833396191340243e-01 6.614921031534214753e-05 2.143403441682600441e+00 1.439930517573921875e+00
1.074169666915256866e-01 6.748748480923821868e-05 2.287054409005628397e+00 1.549294900951629250e+00
1.076507130258745892e-01 6.685365476994657339e-05 2.236742424242424310e+00 1.537192898249246209e+00
1.078822248577407661e-01 6.549492787243419399e-05 2.218992248062015449e+00 1.567890542212251548e+00
1.081158030820603549e-01 6.892691260091426855e-05 2.180811808118081174e+00 1.514055460807010478e+00
1.083502519132016478e-01 6.550174513790631484e-05 2.253384912959381037e+00 1.497941825442051567e+00
1.085838887651629364e-01 6.788279140540267611e-05 2.272897196261682407e+00 1.463850961811470341e+00
1.088167529892371671e-01 6.600576014251126192e-05 2.318532818532818673e+00 1.537661450706756749e+00
1.090505526263309127e-01 6.812007346507967362e-05 2.261278195488721998e+00 1.484850571595410118e+00
1.092866482205838569e-01 6.842382848130358576e-05 2.259328358208955390e+00 1.567637188744815058e+00
1.095204794082260541e-01 6.485319910623837047e-05 2.428849902534113259e+00 1.566014466301246078e+00
1.097528862015335477e-01 6.749182814616273797e-05 2.304511278195488622e+00 1.501236134899023078e+00
1.099860225771209649e-01 6.572661825364852677e-05 2.353965183752417811e+00 1.568906243805276102e+00
1.102199794899808571e-01 6.771853003694458301e-05 2.286252354048964097e+00 1.479792253029267757e+00
1.104527673679933375e-01 6.605954367090497955e-05 2.406189555125725299e+00 1.528014592132317606e+00
1.106846995336629863e-01 6.639466551207307780e-05 2.317307692307692513e+00 1.447120176327360896e+00
1.109195593734974006e-01 6.847264593218049594e-05 2.357677902621722943e+00 1.530612223904557645e+00
1.111563010475637298e-01 6.737417664069918785e-05 2.438330170777988748e+00 1.545136251443163466e+00
1.113901732397686445e-01 6.590926552890959188e-05 2.442084942084941979e+00 1.562225811126877861e+00
1.116201801113623215e-01 6.530710990471277541e-05 2.279296875000000000e+00 1.494351241283058851e+00
1.118544392406903287e-01 6.842920462665363923e-05 2.356472795497185579e+00 1.590677957137384357e+00
1.120919882620126512e-01 6.808645466680088396e-05 2.436911487758945505e+00 1.538625995952028980e+00
1.123255119325231172e-01 6.496953905756043762e-05 2.288235294117646923e+00 1.578605519561440351e+00
1.125569423960908616e-01 6.660855058776252613e-05 2.438697318007662762e+00 1.567740529184352472e+00
1.127891651266763745e-01 6.585219533195248219e-05 2.433852140077820803e+00 1.538535374644513176e+00
1.130234059678330849e-01 6.798907267284735661e-05 2.482041587901701263e+00 1.501455775408172544e+00
1.132592717752512051e-01 6.709286710082286605e-05 2.361376673040152863e+00 1.598912862901514131e+00
1.134925261196267493e-01 6.566405257712189627e-05 2.392996108949416278e+00 1.590956801721499669e+00
1.137232837453631684e-01 6.560285114491499190e-05 2.406250000000000000e+00 1.583549618588331542e+00
1.139571109036284086e-01 6.796742105221370610e-05 2.543560606060605966e+00 1.540821840591717562e+00
1.141916071219103018e-01 6.614694266841438333e-05 2.640077821011673098e+00 1.546336498172405705e+00
1.144245089960832934e-01 6.685048664461395486e-05 2.484615384615384670e+00 1.567924607232275891e+00
1.146574952630475680e-01 6.619094374413487093e-05 2.546692607003890885e+00 1.560658140900989199e+00
1.148904160535498264e-01 6.707792820933123690e-05 2.480694980694980512e+00 1.613042668427962401e+00
1.151265174722906764e-01 6.876668888584983865e-05 2.651600753295668689e+00 1.615134249615366668e+00
1.153617816491615961e-01 6.565260628400561250e-05 2.647058823529411686e+00 1.583689937381178581e+00
1.155936763096339220e-01 6.650816827874497729e-05 2.435203094777562693e+00 1.532065082609012974e+00
1.158258315634240476e-01 6.588797587536296874e-05 2.500000000000000000e+00 1.541580548734088785e+00
1.160597319175528663e-01 6.799461765561689208e-05 2.617142857142856993e+00 1.674834949731923706e+00
1.162950314370258531e-01 6.674923210542826858e-05 2.600775193798449791e+00 1.602058066574044259e+00
1.165287100714146457e-01 6.653530395956359987e-05 2.455426356589147208e+00 1.539172127570848092e+00
1.167624675326668082e-01 6.672669288532265567e-05 2.625968992248061795e+00 1.574652653033570937e+00
1.169963813879617426e-01 6.705354536925166775e-05 2.736943907156673017e+00 1.550542000002796073e+00
1.172296699541907350e-01 6.631902832571586392e-05 2.627680311890838283e+00 1.653465036658569254e+00
1.174633317010978645e-01 6.682263370538187562e-05 2.560077519379845068e+00 1.553751196260526601e+00
1.176963758561083428e-01 6.650269296166132736e-05 2.833984375000000000e+00 1.626034920593122157e+00
1.179299254124360069e-01 6.728363660691870959e-05 2.642166344294003988e+00 1.586599431602409460e+00
1.181661083576700799e-01 6.789566897107491888e-05 2.657743785850860352e+00 1.647986129170146308e+00
1.184002669641160965e-01 6.566520377029123803e-05 2.652259332023575666e+00 1.611660701969093834e+00
1.186327021679424165e-01 6.597848618172980106e-05 2.611764705882352988e+00 1.587784976101765499e+00
1.188650719869437794e-01 6.702715015157560143e-05 2.743689320388349451e+00 1.638677349436613362e+00
1.190988067061411609e-01 6.629343627726192692e-05 2.700587084148728056e+00 1.652780620283450297e+00
1.193323897405050432e-01 6.682302270376797710e-05 2.669884169884169989e+00 1.649394458452991152e+00
1.195656510531601519e-01 6.587317906801366991e-05 2.678362573099415389e+00 1.628575351258309212e+00
1.198002489216287991e-01 6.746592986415190997e-05 2.664761904761904887e+00 1.640942155123875423e+00
1.200336589500475559e-01 6.624896294229367234e-05 2.735009671179883917e+00 1.660457939807589156e+00
1.202657768623850848e-01 6.571795768306507403e-05 2.848837209302325757e+00 1.581787172161078558e+00
1.204994510404173019e-01 6.765105501654847969e-05 2.671669793621012978e+00 1.549807155998099928e+00
1.207339951349819807e-01 6.562727713419021691e-05 2.617307692307692335e+00 1.608547803300533374e+00
1.209680956947216668e-01 6.741732215622490954e-05 2.755140186915888023e+00 1.646110399695817739e+00
1.212006880373407286e-01 6.513848631823455568e-05 2.753846153846153832e+00 1.692316433543858079e+00
1.214319994211767589e-01 6.582807741597457144e-05 2.800380228136881922e+00 1.758650701339058875e+00
1.216656057203382851e-01 6.790283688671594779e-05 2.974121996303142446e+00 1.668791404088482588e+00
1.219007843250684425e-01 6.671568653291726767e-05 2.785714285714285587e+00 1.656813877119479805e+00
1.221369572323006136e-01 6.825324584029650993e-05 2.895795246800731082e+00 1.655943880648799604e+00
1.223726009556053707e-01 6.573836356997660114e-05 2.875236294896030387e+00 1.715403820671272062e+00
1.226056442391218609e-01 6.616532013731783344e-05 2.868173258003766435e+00 1.645424118514608791e+00
1.228388051323681396e-01 6.703161226424012367e-05 2.992537313432835688e+00 1.768802343019163725e+00
1.230707296013911628e-01 6.457171094849102578e-05 2.905405405405405261e+00 1.722702302912488825e+00
1.233029183635097059e-01 6.759810128202039419e-05 2.922509225092250862e+00 1.744611047210741672e+00
1.235379854409733719e-01 6.570013406878603220e-05 2.859582542694496965e+00 1.685110985540802409e+00
1.237724597817453503e-01 6.756544521848162354e-05 2.881481481481481310e+00 1.662938216428922811e+00
1.240061498949734248e-01 6.566505030106075010e-05 2.843809523809524009e+00 1.742486559612681729e+00
1.242390821888286201e-01 6.661632460395466447e-05 2.845864661654135208e+00 1.745136510870669566e+00
1.244711632953071079e-01 6.579076840955865762e-05 2.998095238095237924e+00 1.672179182968932976e+00
1.247054517839266963e-01 6.761591240357131126e-05 2.843866171003717636e+00 1.674057813318674093e+00
1.249410059021845570e-01 6.697188855875631079e-05 2.962476547842401331e+00 1.752089081400979520e+00
1.251741761334562164e-01 6.583601426366064431e-05 3.019011406844106293e+00 1.854410474481764881e+00
1.254072382360083560e-01 6.640543300240981869e-05 2.949056603773585028e+00 1.706023504508423327e+00
1.256410482936734796e-01 6.683584359234039823e-05 2.956766917293232932e+00 1.726051170413382962e+00
1.258745257397245465e-01 6.611238233520655145e-05 2.790874524714828997e+00 1.710950568652226389e+00
1.261080103941889519e-01 6.690937462473420770e-05 2.939962476547842485e+00 1.630512737025503478e+00
1.263406670927800235e-01 6.522594346067754308e-05 3.021113243761996081e+00 1.689864142662706348e+00
1.265732414590826360e-01 6.685572305932845820e-05 2.926553672316384080e+00 1.661042571256578615e+00
1.268080548800749052e-01 6.733690508414850442e-05 2.908239700374531722e+00 1.657697957639345798e+00
1.270422367608540493e-01 6.597699196562882616e-05 2.904761904761904656e+00 1.718328566143416891e+00
1.272759152751854195e-01 6.689135984813015558e-05 2.776315789473684070e+00 1.633275857808728970e+00
1.275094590884037760e-01 6.604831116682244026e-05 2.916030534351145231e+00 1.754612989910372400e+00
1.277431018946701968e-01 6.733257125615095616e-05 2.789473684210526105e+00 1.583046058679863144e+00
1.279782552164440979e-01 6.710085433560373114e-05 2.988721804511278002e+00 1.773298746629060840e+00
1.282131041449612319e-01 6.621149459998993162e-05 2.878787878787878896e+00 1.708446713969155040e+00
1.284458066838963242e-01 6.548314267397141550e-05 2.919540229885057681e+00 1.633896354922917515e+00
1.286783609577602794e-01 6.654865817496632442e-05 2.890151515151515138e+00 1.614634152314956106e+00
1.289128241661116614e-01 6.697900382933094643e-05 2.832075471698113134e+00 1.609457187560528801e+00
1.291446660323967432e-01 6.835636986838949068e-05 2.956790123456789932e+00 1.717166643430027007e+00
1.293786085608263359e-01 6.605676840398337884e-05 2.732265446224256156e+00 1.612598655137184922e+00
1.296108774202269776e-01 6.783588626387897994e-05 2.895981087470449022e+00 1.760023068928019407e+00
1.298443923619162221e-01 6.722079102470935436e-05 2.797499999999999876e+00 1.672868046200894687e+00
1.300782666066699345e-01 6.749263575799763530e-05 2.808290155440414715e+00 1.606835916429087296e+00
1.303119143017006376e-01 6.684139813301355590e-05 2.773841961852860916e+00 1.597855105914694374e+00
1.305459241900186751e-01 6.810036271421107158e-05 2.885474860335195402e+00 1.745856982609539365e+00
1.307796783027228849e-01 6.720238230322061351e-05 2.823529411764706065e+00 1.575768061200303771e+00
1.310139024467842916e-01 6.790776888182086793e-05 2.843843843843843811e+00 1.653755144284795531e+00
1.312472894800687517e-01 6.625173267803912932e-05 2.974522292993630579e+00 1.803014726489859720e+00
1.314776668789590652e-01 6.618039329338910079e-05 2.910596026490066102e+00 1.848121194477220008e+00
1.317137024266215872e-01 7.043903276921694031e-05 2.812698412698412920e+00 1.664533782633999648e+00
1.319503540721679857e-01 6.642835643525359449e-05 2.921501706484641581e+00 1.625433563537171722e+00
1.321828723734352895e-01 6.718390404847075217e-05 2.860068259385665446e+00 1.608555270315378705e+00
1.324147834979462757e-01 6.603244305163348776e-05 2.804964539007092306e+00 1.649283117621814121e+00
1.326480411947886795e-01 6.877844789332857034e-05 2.750000000000000000e+00 1.673683147366244572e+00
1.328820802110143862e-01 6.636907368294008079e-05 2.784671532846715536e+00 1.655647591970754062e+00
1.331148138063605602e-01 6.785609440944978998e-05 2.753623188405796895e+00 1.546384282067716942e+00
1.333495643154704868e-01 6.741119029024297674e-05 2.774074074074074137e+00 1.671096992322811614e+00
1.335835372037798285e-01 6.759745300131219899e-05 2.875471698113207353e+00 1.769517616535541071e+00
1.338176466306949530e-01 6.831218422516185137e-05 2.924242424242424310e+00 1.713813189172881168e+00
1.340512797922887300e-01 6.599048480043925120e-05 2.866141732283464361e+00 1.669922626136659538e+00
1.342814461297319739e-01 6.559979566974010292e-05 2.955645161290322509e+00 1.603257447601052599e+00
1.345160483007357966e-01 6.963532972159798605e-05 2.988326848249027279e+00 1.744310715762676489e+00
1.347536796152505323e-01 6.810829448341578071e-05 2.740890688259109531e+00 1.637315239429036229e+00
1.349871276635005723e-01 6.677996814749840085e-05 2.937500000000000000e+00 1.664582029619848358e+00
1.352194676899014514e-01 6.661700689138378795e-05 2.848101265822784889e+00 1.787650730519461773e+00
1.354521481550482465e-01 6.703309091722472405e-05 2.879828326180257303e+00 1.759724692498016552e+00
1.356860453582514059e-01 6.856354300475121723e-05 2.854700854700854773e+00 1.709594006277926015e+00
1.359211357373890650e-01 6.716967141125949588e-05 2.784140969162995471e+00 1.646257333792849664e+00
1.361540064088500035e-01 6.678503458520554067e-05 2.896860986547085126e+00 1.753311618292408891e+00
1.363867967184397567e-01 6.692559243115627019e-05 2.639269406392694250e+00 1.583507396120430011e+00
1.366219029817275776e-01 6.946138516611432591e-05 2.747747747747747660e+00 1.758661476090490616e+00
1.368567259414371073e-01 6.686962625770076724e-05 2.801886792452830122e+00 1.708029224148308822e+00
1.370879062713149799e-01 6.563798020853460155e-05 2.898550724637681153e+00 1.690793650568297890e+00
1.373197126983267125e-01 6.725671536427617889e-05 2.743961352657005026e+00 1.532535887536357944e+00
1.375555620768925402e-01 6.925260661464505163e-05 2.531100478468899517e+00 1.680992739508272216e+00
1.377899351687938978e-01 6.618070308676317348e-05 2.446700507614213205e+00 1.575731327812442295e+00
1.380219266012210066e-01 6.752809196460790695e-05 2.723618090452261331e+00 1.666281951844236442e+00
1.382545611228954419e-01 6.572577943118536358e-05 2.581151832460732987e+00 1.563780655789208662e+00
1.384888270319775960e-01 6.920592491137856391e-05 2.627551020408163129e+00 1.526030557625623452e+00
1.387251204069650523e-01 6.776599831776989474e-05 2.804232804232804188e+00 1.794407606719303327e+00
1.389591668919520073e-01 6.693609892524315735e-05 2.394594594594594561e+00 1.584705939452540013e+00
1.391904057199591371e-01 6.569416018844522961e-05 2.687150837988826702e+00 1.522948474031574406e+00
1.394227790925808841e-01 6.774421325864447493e-05 2.700000000000000178e+00 1.592517224745499727e+00
1.396572113000431603e-01 6.854202640791657957e-05 2.803370786516854007e+00 1.602177851218769877e+00
1.398913498476041517e-01 6.688348527294887597e-05 2.739884393063583889e+00 1.594852054459059421e+00
1.401247906031993506e-01 6.646051683429370267e-05 2.717647058823529527e+00 1.636288313949223250e+00
1.403591895729549288e-01 6.805811419343037823e-05 2.597633136094674722e+00 1.478117878874789071e+00
1.405953485464094266e-01 6.905228462272873535e-05 2.416666666666666519e+00 1.514316598966266358e+00
1.408299829100064793e-01 6.644350311483485528e-05 2.587499999999999911e+00 1.523487979932890868e+00
1.410591665228413116e-01 6.501076246847150089e-05 2.677419354838709520e+00 1.738646835898305820e+00
1.412893301143412494e-01 6.674759269244742439e-05 2.541935483870967794e+00 1.563741078391733597e+00
1.415237124881587039e-01 6.927971403152424041e-05 2.439490445859872736e+00 1.529153318206838641e+00
1.417608398927272528e-01 6.767011984472880734e-05 2.368421052631578760e+00 1.432096462186926988e+00
1.419948711733081126e-01 6.643728084900887214e-05 2.571428571428571619e+00 1.513142939350965221e+00
1.422257950142377936e-01 6.614300048882033553e-05 2.510489510489510412e+00 1.582784912309519898e+00
1.424611599372695714e-01 6.976859826068063314e-05 2.319727891156462718e+00 1.608422806732217047e+00
1.426969880138435620e-01 6.713456917550140600e-05 2.280575539568345356e+00 1.522819539175598980e+00
1.429290483303200521e-01 6.598668785333661462e-05 2.367647058823529438e+00 1.424536287083623121e+00
1.431615992067113707e-01 6.674925674210528508e-05 2.343283582089552119e+00 1.561075592665103873e+00
1.433977864542690939e-01 6.958273395422789138e-05 2.551470588235293935e+00 1.586225580330711704e+00
1.436356797294852938e-01 6.762859419149515740e-05 2.376923076923076916e+00 1.590615972382282139e+00
1.438647788032675900e-01 6.395074090213278628e-05 2.388429752066115519e+00 1.545808064927434611e+00
1.440939223050132778e-01 6.721088340672915884e-05 2.200000000000000178e+00 1.544538766104625038e+00
1.443302270800670972e-01 6.810715064994765275e-05 2.406504065040650620e+00 1.567145664916028913e+00
1.445647386873331885e-01 6.765147823845471715e-05 2.327731092436974958e+00 1.735797635862885491e+00
1.448001674656267668e-01 6.812041505588835896e-05 2.279661016949152685e+00 1.490224779591557080e+00
1.450305141697986189e-01 6.417457142913943864e-05 2.091743119266054940e+00 1.583093916339301188e+00
1.452619539705164164e-01 6.860711380950888425e-05 2.219298245614035103e+00 1.497766881895279401e+00
1.454988966656826088e-01 6.757751339465679083e-05 2.110091743119265839e+00 1.410280051652466060e+00
1.457319267282644326e-01 6.746225896059649557e-05 2.169811320754717165e+00 1.545270348048589648e+00
1.459689564871680389e-01 6.919146774834719811e-05 2.186915887850467310e+00 1.601543058880126269e+00
1.462029517945844237e-01 6.518587451146425451e-05 2.357142857142857206e+00 1.625238264658330323e+00
1.464348845068329241e-01 6.893025110561780433e-05 2.346534653465346398e+00 1.638696118302712446e+00
1.466710325229612644e-01 6.703672746630305742e-05 2.177083333333333481e+00 1.354647350584071708e+00
1.469003469776316018e-01 6.495976429229445050e-05 2.098901098901098994e+00 1.519864045426472465e+00
1.471326263642964982e-01 6.784892292542188277e-05 2.107526881720430012e+00 1.282773616516708293e+00
1.473683745226096187e-01 6.734190408583911583e-05 2.224719101123595610e+00 1.542398311541322675e+00
1.476018743975685277e-01 6.760693685313507080e-05 2.103448275862068950e+00 1.382037533769729487e+00
1.478377306130267688e-01 6.772451548086767131e-05 2.000000000000000000e+00 1.363386786429942044e+00
1.480669483097254435e-01 6.431970194966852195e-05 2.307692307692307487e+00 1.409323700888338582e+00
1.482973419064994303e-01 6.861360276277018620e-05 1.938271604938271553e+00 1.363680702054524962e+00
1.485364113895124294e-01 6.936560494550093024e-05 2.012658227848101333e+00 1.237596691018626460e+00
1.487716162219679672e-01 6.677093946461412058e-05 2.270270270270270174e+00 1.267391793264146305e+00
1.490077522787839059e-01 6.871676643346850033e-05 2.040540540540540349e+00 1.563601693418456673e+00
1.492393961896789634e-01 6.506416229580026540e-05 2.179104477611940371e+00 1.403778752958506848e+00
1.494701913811684602e-01 6.907736733736162202e-05 2.057971014492753437e+00 1.433684252407678494e+00
1.497045353405743462e-01 6.634691779689233710e-05 1.812500000000000000e+00 1.320289385892350564e+00
1.499337638884900847e-01 6.630672807533855592e-05 2.419354838709677491e+00 1.692088464439147621e+00
1.501708286181911156e-01 6.972377942578611605e-05 2.095238095238095344e+00 1.269444382421091921e+00
1.504045133699344061e-01 6.505456575143086920e-05 2.250000000000000000e+00 1.327928031612729098e+00
1.506393971018608890e-01 7.070153912039902559e-05 2.067796610169491345e+00 1.436784369662558625e+00
1.508747560046925229e-01 6.361798606692725948e-05 1.862745098039215730e+00 1.385513006033687544e+00
1.511033451723478305e-01 6.822425875258773191e-05 2.326923076923077094e+00 1.385149469643777387e+00
1.513430592404528541e-01 6.953071659907809779e-05 1.725490196078431460e+00 1.251527325273172453e+00
1.515751618564359637e-01 6.342734358875888579e-05 2.022727272727272929e+00 1.288057028664068460e+00
1.518045724547506525e-01 6.938126820492401424e-05 2.000000000000000000e+00 1.518007847834442758e+00
1.520480234761667215e-01 6.976967995741814512e-05 2.090909090909090828e+00 1.276779264108012901e+00
1.522777008011769462e-01 6.272216552833166940e-05 1.621621621621621712e+00 1.043957184639349389e+00
1.525061322319957446e-01 6.929360622917626303e-05 1.871794871794871806e+00 1.452061039463360625e+00
1.527427011500204213e-01 6.666422581467422144e-05 2.228571428571428648e+00 1.438252908417510634e+00
1.529726548169981215e-01 6.665749530051660659e-05 1.939393939393939448e+00 1.574591643244434014e+00
1.532134048917648539e-01 7.071407902998622368e-05 2.121212121212121104e+00 1.344307455322353295e+00
1.534434790603389775e-01 6.011232516833131041e-05 1.961538461538461453e+00 1.371734961548231047e+00
1.536710418380370924e-01 6.976616835160736295e-05 1.642857142857142794e+00 1.536129511971897621e+00
1.539149550629408947e-01 6.925196045819559246e-05 2.040000000000000036e+00 1.311487704860400116e+00
1.541445478244997391e-01 6.478862577215637321e-05 2.285714285714285587e+00 1.124858267715973081e+00
1.543780235396354228e-01 7.053413531437874686e-05 2.285714285714285587e+00 1.858973456756489062e+00
1.546059873932826012e-01 5.909742656752603256e-05 1.625000000000000000e+00 1.486922156671289796e+00
1.548370283320493757e-01 7.086429496304842972e-05 2.235294117647058876e+00 1.737038007086282532e+00
1.550799786572540917e-01 6.540043890405022008e-05 2.153846153846153744e+00 1.354370527819923842e+00
1.553036635055988490e-01 6.758474544596143726e-05 1.909090909090909172e+00 1.440270865250441679e+00
1.555456416189227586e-01 7.341490814454251594e-05 4.000000000000000222e-01 6.928203230275510327e-01
1.557790343018141677e-01 5.399834121423047510e-05 0.000000000000000000e+00 0.000000000000000000e+00
1.559999688717171595e-01 6.566134794291481655e-05 0.000000000000000000e+00 0.000000000000000000e+00
1.562567987100282052e-01 8.033505465450464550e-05 0.000000000000000000e+00 0.000000000000000000e+00
