# q qerr I(q) I(q)err
3.001749291795529316e-03 1.167853270244704247e-04 2.541333333333333258e+02 1.733909229116338508e+02
3.216946015612575076e-03 6.406021311444656113e-05 5.499855072463767556e+02 3.528630922875906322e+02
3.430819248455692968e-03 7.252053699931147659e-05 4.905057471264368019e+02 3.130790773170879220e+02
3.672101494117159613e-03 7.545375631879780269e-05 3.940505050505050235e+02 2.258166503505742639e+02
3.918307832378639319e-03 7.374016049620304720e-05 2.974299065420560737e+02 1.429921785393064795e+02
4.147718136434350687e-03 6.107192035677698103e-05 2.258526315789473813e+02 6.589703207706016030e+01
4.365502826808959243e-03 6.779080658174564808e-05 1.817196261682242948e+02 3.539778075455865292e+01
4.594999596112334626e-03 7.420628290313399807e-05 1.527723577235772439e+02 2.247028722376656162e+01
4.835936192065706969e-03 7.320149930589021881e-05 1.308650793650793673e+02 1.417900623058875986e+01
5.080814687701338921e-03 7.653000632488168636e-05 1.148958333333333286e+02 1.321413735080446727e+01
5.317078266608570546e-03 6.172106439101172914e-05 1.022113821138211449e+02 1.170112754178943959e+01
5.551471060931053268e-03 7.668524467813574576e-05 9.196296296296296191e+01 1.012018540939946654e+01
5.788366925541485984e-03 6.194770960560404868e-05 8.381481481481480955e+01 1.049309656135004509e+01
6.009776342023025880e-03 6.950277321810145736e-05 7.696774193548387188e+01 9.903992825187911464e+00
6.247094567316056890e-03 7.317752475420629581e-05 7.096491228070175339e+01 8.342365065656361267e+00
6.480842620397410207e-03 6.691741107424957404e-05 6.699371069182389249e+01 9.238961600485360748e+00
6.718305882023165379e-03 7.577205940640407739e-05 6.223469387755102389e+01 7.743805547974974779e+00
6.954283760887284942e-03 6.032943043655961634e-05 5.787116564417178211e+01 7.943112787930814989e+00
7.176272274730767682e-03 6.864708281211200774e-05 5.566489361702127781e+01 7.295274334410264849e+00
7.411440332622126065e-03 7.201436331295212967e-05 5.378999999999999915e+01 8.012792896362666895e+00
7.640547325048651327e-03 6.719666067278881421e-05 5.106914893617021534e+01 6.859986590755903890e+00
7.880909625388352394e-03 7.780078248694467205e-05 4.947881355932203462e+01 7.268568530345006273e+00
8.119534573631228755e-03 6.182975050629921810e-05 4.728795811518324399e+01 7.287100509208683796e+00
8.341212846027333885e-03 7.037901862628595019e-05 4.633789954337899530e+01 6.447304251830939137e+00
8.584257463478678699e-03 7.672081168970473167e-05 4.495617529880478003e+01 6.892883940577380741e+00
8.826919166718070683e-03 6.518131950376178396e-05 4.389041095890411270e+01 6.585323474916114250e+00
9.051576779129599792e-03 7.018745924619574326e-05 4.280416666666666714e+01 6.158530668917709505e+00
9.278754197832399936e-03 6.574873290523112796e-05 4.234801762114537382e+01 5.951290766427630885e+00
9.511181178050998053e-03 7.470724405325664997e-05 4.157462686567163956e+01 6.241137623992345951e+00
9.756331684265373561e-03 7.268311501543828993e-05 4.178518518518518476e+01 6.097760950918006628e+00
9.992460030236703650e-03 6.501341219802315996e-05 4.097222222222222143e+01 5.851257420749838900e+00
1.021767907988490980e-02 6.882116667024825156e-05 4.022471910112359694e+01 6.289144554297138257e+00
1.044627826021552429e-02 6.776641009522302674e-05 3.997727272727272663e+01 6.319714496898897416e+00
1.067941769640304468e-02 7.427835917673683769e-05 4.049832775919732342e+01 5.944348231031604257e+00
1.092103363594707117e-02 6.948634926740279217e-05 4.021575342465753522e+01 6.064048358318456344e+00
1.115205959515964615e-02 6.613677834257579403e-05 4.064310954063603987e+01 5.667337816497887815e+00
1.138090927839274270e-02 7.036315799772670850e-05 4.095065789473684248e+01 6.364790722547620128e+00
1.161908717993895106e-02 7.230519164610463203e-05 4.095253164556962133e+01 6.238214332483577707e+00
1.185129732832000682e-02 6.908715592862023315e-05 4.087987012987012747e+01 6.638004282928627653e+00
1.208558089049110301e-02 7.062077464939989495e-05 4.022629969418959917e+01 6.378835446888693639e+00
1.231793957662911075e-02 6.797072397413507841e-05 4.027215189873417955e+01 6.783465351804926158e+00
1.255104362664789287e-02 7.284146348496770690e-05 4.056321839080460023e+01 5.849199870075829644e+00
1.278854709885444453e-02 6.836902354776895477e-05 4.049698795180722755e+01 6.366680485884950613e+00
1.301955791686103432e-02 7.052250088700313892e-05 3.973011363636363313e+01 5.926896251289853979e+00
1.325028003696187423e-02 6.572913682214379116e-05 3.979819277108433795e+01 6.105813225597779059e+00
1.348330464865910884e-02 7.403947498893654331e-05 3.938947368421052886e+01 6.630421787095618136e+00
1.372355777471481568e-02 7.011324266142941383e-05 3.882288828337874520e+01 6.454263873100082094e+00
1.396363525470880468e-02 7.100822662538032210e-05 3.820103092783504906e+01 6.099797321830799923e+00
1.419611930545690293e-02 6.442105916470620042e-05 3.787359550561797761e+01 6.108381006485175568e+00
1.442295386479172138e-02 6.909816387485589995e-05 3.739999999999999858e+01 6.117834154081174702e+00
1.465427040331478310e-02 7.032050413528805792e-05 3.677493606138107651e+01 6.525372339370706598e+00
1.488826669148199562e-02 6.870854531503662287e-05 3.626835443037974471e+01 6.139686790512628001e+00
1.512493372137564684e-02 7.038106039296808131e-05 3.513625304136252936e+01 5.731949576136374347e+00
1.535996817115549591e-02 6.948886920014566576e-05 3.367892156862745168e+01 6.062706969796145984e+00
1.559107684366512793e-02 6.926322144844645774e-05 3.315999999999999659e+01 5.945359534965064974e+00
1.582030048556574975e-02 6.778990216657608829e-05 3.202583979328165498e+01 5.392541370610709706e+00
1.604934829520379691e-02 6.632072085052491666e-05 3.110994764397905854e+01 5.616097876424823276e+00
1.628904364851086611e-02 7.370425539511840857e-05 2.998812351543942967e+01 5.661666059378280380e+00
1.652925296731121152e-02 6.866669088367037858e-05 2.961082474226803996e+01 5.226283042001780288e+00
1.676290647126136429e-02 6.841736000850834820e-05 2.964705882352941302e+01 5.331214161999239920e+00
1.698898227523908816e-02 6.513545783602395407e-05 2.914016172506738656e+01 5.556340142003822535e+00
1.721559450095504207e-02 6.815141817037284600e-05 2.844444444444444287e+01 5.008003929628361384e+00
1.745425431013439971e-02 7.361591577158020986e-05 2.855106888361045137e+01 5.256079635086449819e+00
1.769237993647997109e-02 6.752629516254465077e-05 2.861658031088082765e+01 5.433505358670176477e+00
1.792581344598703774e-02 6.995690167491317953e-05 2.910370370370370452e+01 5.416196138685475781e+00
1.815810556613557669e-02 6.785108792352181407e-05 2.903836317135549905e+01 5.846165796109757729e+00
1.839232362436072146e-02 7.095327149885457684e-05 2.868704156479217460e+01 5.144995042745263092e+00
1.863037138017983527e-02 7.115596482089993704e-05 2.871531100478468801e+01 5.381573496925320832e+00
1.886280557207787104e-02 6.449751950033663162e-05 2.893994778067884965e+01 5.178424497729479548e+00
1.909573960115521288e-02 7.170118321703184772e-05 2.885314685314685335e+01 5.260266108338949920e+00
1.933100079269604518e-02 6.740791281490355268e-05 2.897474747474747403e+01 5.203612338486412803e+00
1.956643258492160933e-02 7.263834258317552345e-05 2.942626728110598933e+01 5.509850169890849081e+00
1.980140115393233882e-02 6.562685565221032481e-05 2.859398496240601517e+01 5.198037886245873374e+00
2.002553894851007155e-02 6.516318768203393532e-05 2.912878787878787890e+01 5.257404736251443111e+00
2.025791866108470757e-02 7.136486459924699065e-05 2.840732265446224147e+01 5.190623453018932132e+00
2.049506424590396420e-02 6.900197405484374000e-05 2.821718377088305374e+01 5.560140590893585255e+00
2.073118625762118000e-02 7.052247030088847036e-05 2.856192660550458839e+01 5.245769354427922693e+00
2.096357000287297698e-02 6.647394664901699988e-05 2.828743961352656910e+01 5.128560298775239445e+00
2.119430833328746558e-02 6.961349209216719826e-05 2.752102803738317860e+01 5.165560779579072559e+00
2.143145413784678169e-02 7.298555940605846982e-05 2.750984682713347951e+01 4.968547801545971865e+00
2.167047737296409413e-02 6.691391229536730319e-05 2.781733021077283396e+01 5.498045019092667296e+00
2.189928641736541004e-02 6.715504648428360229e-05 2.755944055944056004e+01 4.929170510957451512e+00
2.212935186570120366e-02 6.857374351609249376e-05 2.653758542141230237e+01 5.034203609480266017e+00
2.236393702227972707e-02 6.998460737683496991e-05 2.650224215246636916e+01 5.347142063861873851e+00
2.259777835583483968e-02 6.986464902764970590e-05 2.683407079646017834e+01 5.250240066262410465e+00
2.283319440761695171e-02 6.790936196889400258e-05 2.656726457399103225e+01 5.339599363414905042e+00
2.306264206423920202e-02 6.694360958493462607e-05 2.642954545454545467e+01 5.029062232876897021e+00
2.329708818082978222e-02 7.159338094189254982e-05 2.615074309978768596e+01 5.030785898643802767e+00
2.353543375433993223e-02 6.985578503684801541e-05 2.619172113289760517e+01 4.791814066829283014e+00
2.377007062717483368e-02 7.009305664980517553e-05 2.603411513859274962e+01 4.941769292224361898e+00
2.400302358301376407e-02 6.597292527615178370e-05 2.535955056179775369e+01 4.691812486236988100e+00
2.423507457935474702e-02 7.157919103467260530e-05 2.564669421487603174e+01 5.101091968044053182e+00
2.447096161315339205e-02 6.736211404920262771e-05 2.566013071895424957e+01 5.170858624729628872e+00
2.470427111069508144e-02 6.982655739072169126e-05 2.552390852390852416e+01 5.027884606720898653e+00
2.493809997853204188e-02 6.775469533352249248e-05 2.560127931769722665e+01 4.888967718802697426e+00
2.517118618717203993e-02 6.980743985615223796e-05 2.551489361702127567e+01 4.858182533447394924e+00
2.540636145408604191e-02 6.938193712001703524e-05 2.532222222222222285e+01 4.920614234467526771e+00
2.563827354025385516e-02 6.629623788449823620e-05 2.570560747663551382e+01 5.089528407897538465e+00
2.586948195348701476e-02 6.770189532135148904e-05 2.531177829099307175e+01 5.119410534820832304e+00
2.609745587984336687e-02 6.509333995869156359e-05 2.506127450980392268e+01 4.830085811908900517e+00
2.633484837400032474e-02 7.348807666944635701e-05 2.462995594713656544e+01 4.920617094252637713e+00
2.657557098811626564e-02 6.881179166339853475e-05 2.482857142857142918e+01 5.211362520466972903e+00
2.680365379537597362e-02 6.422825624438124588e-05 2.434183673469387799e+01 4.767699492922188753e+00
2.703234577850367401e-02 6.946685782169436285e-05 2.447030878859857594e+01 5.276522006596311876e+00
2.726970666685900324e-02 6.993093227310868997e-05 2.398337292161520296e+01 4.917095821155513136e+00
2.750750127458209335e-02 6.961999393279447927e-05 2.396904761904761827e+01 4.867424924621365889e+00
2.774064166089718064e-02 6.699331928476430444e-05 2.399502487562189046e+01 4.962542548316128510e+00
2.797286317169397213e-02 6.855334754057274232e-05 2.326225490196078383e+01 4.973015660126471005e+00
2.820747942598401947e-02 7.000105603626221500e-05 2.350242718446601842e+01 5.142743969320325625e+00
2.843871508024181996e-02 6.660692948204320466e-05 2.313076923076923208e+01 4.988566809873158370e+00
2.867376841695860532e-02 7.113061539282546195e-05 2.313033175355450410e+01 4.773783581272277310e+00
2.890771417331186935e-02 6.480505975226419921e-05 2.314921465968586389e+01 4.776591036995498918e+00
2.913907964587559782e-02 7.035121785828480224e-05 2.246323529411764852e+01 4.893450946765153020e+00
2.937603130710666338e-02 7.051255909955699420e-05 2.229310344827586121e+01 4.621755630295281136e+00
2.960814043237767687e-02 6.584026763423021398e-05 2.227034120734908029e+01 4.441933677452078122e+00
2.983961579365264002e-02 6.983920439112704980e-05 2.226894865525672529e+01 4.868612258303613771e+00
3.007086711816524260e-02 6.649470887843013508e-05 2.239304812834224734e+01 4.505971965177768546e+00
3.030849094681176484e-02 7.199344525738288452e-05 2.211718750000000000e+01 4.829338439747726142e+00
3.054989504902336575e-02 6.904743658252054722e-05 2.201114206128133688e+01 4.681489232204082640e+00
3.078165236014722417e-02 6.430462589111944952e-05 2.136503067484662566e+01 4.531053853082529059e+00
3.100904415161786359e-02 6.891371557748558090e-05 2.154572271386430771e+01 4.621224288564471649e+00
3.124378004707335788e-02 6.802347259085625550e-05 2.085670731707316961e+01 4.538158657167074672e+00
3.148005278710188509e-02 6.963790735804129299e-05 2.089189189189189122e+01 4.693295966272211572e+00
3.171371101549351479e-02 6.491098522060580905e-05 2.094480519480519476e+01 4.561629384469419790e+00
3.194253270530488659e-02 6.643720727097939297e-05 2.060983606557377001e+01 4.493047572062409678e+00
3.217772739409639066e-02 7.207253078604244857e-05 2.035802469135802539e+01 4.581507097612617763e+00
3.241258335410790448e-02 6.484611046219248903e-05 2.029965156794425241e+01 4.477014317726881742e+00
3.264445272271138121e-02 7.067815627986795619e-05 2.034615384615384670e+01 4.410419458822635086e+00
3.288009324972624575e-02 6.514072171913584642e-05 1.959649122807017463e+01 4.294506071084652099e+00
3.311251835395861987e-02 6.923154512368420417e-05 1.963945578231292544e+01 4.202939434914910954e+00
3.334620240946842284e-02 6.906008769013418584e-05 1.961805555555555713e+01 4.592265601691770449e+00
3.358123372194379841e-02 6.790165455744005493e-05 1.946785714285714164e+01 3.917533194055999424e+00
3.381409346726198945e-02 6.946853510284985394e-05 1.953521126760563220e+01 4.377512597850110154e+00
3.405235163866184023e-02 6.660978410321308902e-05 1.923076923076922995e+01 4.334767558959740974e+00
3.428443415797702287e-02 7.014504093919582688e-05 1.907547169811320842e+01 4.552718501915491878e+00
3.451790515064617759e-02 6.752790833138901940e-05 1.893354430379746844e+01 4.356189389344086393e+00
3.475058674309065149e-02 6.860561414856442648e-05 1.874923547400611668e+01 4.381705972609895028e+00
3.498255247524993672e-02 6.949851211445105619e-05 1.831343283582089398e+01 3.990437444719911131e+00
3.521787450520567214e-02 6.928285379750772884e-05 1.811695906432748515e+01 4.320303824494205358e+00
3.545148567192742128e-02 6.819735758945621247e-05 1.794736842105263008e+01 4.206302706194638752e+00
3.568299999600531985e-02 6.771859016455015492e-05 1.764347826086956417e+01 4.178201299549712644e+00
3.591626020472690056e-02 6.847219215976182126e-05 1.782621082621082564e+01 3.803666349168645322e+00
3.615098875833893527e-02 7.052968595604587306e-05 1.772727272727272663e+01 4.537486128423961596e+00
3.638614682571900127e-02 6.820923678434241515e-05 1.744632768361582009e+01 4.261550125676174083e+00
3.661805186382561389e-02 6.907515541028400551e-05 1.740771349862258788e+01 4.055084254084040829e+00
3.685317606104113880e-02 6.904996252045599340e-05 1.729347826086956630e+01 4.126925711926254792e+00
3.708883642168768480e-02 6.873622836593106498e-05 1.688108108108108141e+01 4.010677858945989271e+00
3.732239511597464088e-02 6.812675490547725891e-05 1.713279132791327797e+01 3.991055723655450471e+00
3.755463123269808107e-02 6.778877579542675561e-05 1.651358695652173836e+01 3.957122655035390846e+00
3.778670279175407737e-02 6.944847979951479207e-05 1.650928381962864577e+01 3.986957114187939410e+00
3.802298536488796232e-02 7.020534180361206209e-05 1.641558441558441572e+01 4.259114619877252039e+00
3.825885045270431550e-02 6.844491048717255130e-05 1.624671916010498762e+01 3.972693909418032909e+00
3.849029289296715395e-02 6.652498920162236353e-05 1.634933333333333394e+01 4.009850094177802582e+00
3.872248042820892328e-02 6.790361104831614330e-05 1.564766839378238394e+01 3.928021615031659142e+00
3.895386220490307250e-02 6.719082682281010037e-05 1.549868073878628039e+01 3.892434994655726843e+00
3.918674717410664671e-02 7.000314829290660062e-05 1.577974683544303858e+01 4.105451060347551362e+00
3.942407118577949399e-02 7.012279782529274620e-05 1.511414392059553435e+01 3.625065593168242728e+00
3.965683877455637024e-02 6.593437650155711338e-05 1.513246753246753329e+01 3.867740916992532973e+00
3.988742774945142761e-02 6.864886435371258416e-05 1.484615384615384670e+01 3.801301753101591796e+00
4.012278533538721215e-02 6.997066240485112700e-05 1.523188405797101375e+01 3.863920506107588082e+00
4.035757945334737112e-02 6.763234382336403173e-05 1.475990099009900902e+01 3.778020821710944777e+00
4.059262090047784100e-02 7.047756166092368556e-05 1.443691588785046775e+01 3.637079822814305530e+00
4.082512016076288858e-02 6.496092607463988043e-05 1.460201511335012547e+01 3.835969364423107208e+00
4.105717491102069128e-02 7.111181249420595236e-05 1.415034168564920236e+01 3.558885632974750024e+00
4.129381576814993016e-02 6.732684386414472533e-05 1.428333333333333321e+01 3.284728975797613693e+00
4.152473579130346731e-02 6.726668318915885337e-05 1.394339622641509457e+01 3.645423890789468047e+00
4.175787959977999425e-02 6.911235940839533670e-05 1.375799086757990786e+01 3.659635752650803653e+00
4.199237839299468922e-02 6.860112016482474860e-05 1.380875576036866370e+01 3.679854073153265404e+00
4.222717975068539242e-02 7.045110183040372183e-05 1.354424778761061887e+01 3.578345421536403226e+00
4.246249924109424950e-02 6.709506009279194230e-05 1.379176201372997745e+01 3.851904371727276288e+00
4.269335040669582776e-02 6.700621335665329654e-05 1.341230068337129921e+01 3.718385606596849691e+00
4.292717084091476204e-02 6.896437123237502613e-05 1.311283185840708043e+01 3.473782465473744363e+00
4.316007288560289035e-02 6.735835804845247382e-05 1.316856492027334902e+01 3.630638654643609353e+00
4.339440191910803879e-02 7.037245596857638261e-05 1.276406926406926345e+01 3.485917127966012607e+00
4.363144753970988471e-02 6.826143681517027339e-05 1.249667405764966688e+01 3.298606063570729052e+00
4.386107962274469335e-02 6.624164794214468591e-05 1.233944954128440408e+01 3.574277664059734239e+00
4.409573705596323001e-02 7.170940769140793695e-05 1.279245283018867951e+01 3.552317955572375396e+00
4.433534367545302612e-02 6.775590854826653211e-05 1.250219298245614041e+01 3.724768920184437615e+00
4.456682912223779158e-02 6.610492296161660122e-05 1.221875000000000000e+01 3.587795921717518155e+00
4.479780304487864656e-02 6.786442677967826091e-05 1.207439824945295470e+01 3.283652519406007109e+00
4.503013318854280633e-02 6.853635641818868680e-05 1.165795206971677622e+01 3.532900586095154338e+00
4.526436263630335272e-02 6.918514626283685297e-05 1.208565310492505418e+01 3.236786523668626181e+00
4.549984770861909000e-02 6.833630877532204714e-05 1.170021413276231215e+01 3.401640299854185034e+00
4.573057769171592901e-02 6.540293680537103750e-05 1.157015590200445487e+01 3.361517529360497303e+00
4.596282480080345761e-02 6.990247096589263711e-05 1.159414225941422671e+01 3.203312139382195944e+00
4.619732296389236076e-02 6.786250507108923557e-05 1.114935064935064979e+01 3.237979487247538923e+00
4.643258444511101646e-02 7.033191385126720280e-05 1.128041237113402140e+01 3.099432714937785160e+00
4.666845704786030252e-02 6.692058153033048496e-05 1.096982758620689680e+01 3.140580955272934016e+00
4.689934413756127740e-02 6.802189408205146866e-05 1.120594479830148593e+01 3.258250771168428539e+00
4.713438507358027468e-02 6.944147399833233919e-05 1.066735537190082717e+01 3.432980408330831068e+00
4.736795136815064727e-02 6.656957436849283657e-05 1.074732334047109283e+01 3.078185829875509150e+00
4.759859747438226207e-02 6.769763208725077138e-05 1.046947368421052715e+01 3.216659542904475089e+00
4.783274694655795245e-02 6.928267493286968941e-05 1.067628865979381381e+01 3.152107332493882197e+00
4.806634396749334681e-02 6.807281927440189521e-05 1.018828451882845165e+01 3.228158884913075344e+00
4.830248047396420996e-02 6.966332651828869844e-05 1.015322580645161210e+01 3.203610634552017444e+00
4.853643200824572096e-02 6.606102041943429451e-05 1.039112050739957738e+01 3.142504699392667966e+00
4.876414520816241271e-02 6.613248851928526920e-05 1.020382165605095537e+01 3.046921436339538491e+00
4.899792577344610350e-02 7.109046729717630826e-05 1.002772277227722775e+01 3.167170584732192484e+00
4.923470399315162116e-02 6.843725681761876167e-05 9.444444444444444642e+00 2.946520737003117230e+00
4.947209300203903731e-02 7.062440267994869150e-05 9.743639921722113684e+00 3.031846772608722596e+00
4.970767414357019076e-02 6.568520737628115111e-05 9.824634655532358707e+00 3.097272672492155543e+00
4.993955421601320444e-02 6.870069007268534431e-05 9.589178356713427220e+00 3.217677482241714682e+00
5.017343134654914799e-02 6.784437425331957467e-05 9.444444444444444642e+00 2.958182169989155952e+00
5.040364307755263590e-02 6.549987049623397846e-05 9.330561330561330635e+00 2.988464067699665883e+00
5.063525219032424807e-02 6.906177440634427543e-05 9.373517786561265552e+00 2.988706891889111095e+00
5.087248401921887209e-02 6.982607771126056830e-05 9.058823529411764497e+00 2.991915288477534851e+00
5.110824603904627617e-02 6.828347019243583200e-05 8.962075848303392434e+00 2.799073669469579695e+00
5.134041616444540157e-02 6.749734166748146504e-05 8.698000000000000398e+00 3.003363447869737968e+00
5.157233759481640728e-02 6.701141620730611365e-05 9.066132264529057849e+00 2.910792497068817042e+00
5.180603234918396832e-02 6.902301690403682475e-05 8.697855750487329729e+00 2.990193685850571104e+00
5.204093912643181080e-02 6.858285367200194556e-05 8.550098231827112372e+00 2.846609879511088348e+00
5.227550176404114485e-02 6.841128413638082530e-05 8.633528265107212718e+00 2.910536361984713327e+00
5.250874134631969281e-02 6.710124584087647154e-05 8.341222879684417890e+00 2.912365551558712795e+00
5.273983379343173683e-02 6.699865505256583098e-05 8.250497017892644891e+00 2.983282737218469371e+00
5.297309563147201833e-02 7.004200559247158596e-05 8.189753320683111681e+00 2.872765007437116935e+00
5.320870841843343413e-02 6.736639692893721994e-05 8.078277886497064131e+00 2.861084860693794418e+00
5.344158726524587955e-02 6.810737650478912789e-05 8.231213872832370271e+00 2.840827293115872898e+00
5.367526270033567970e-02 6.805918753122887452e-05 7.959537572254335558e+00 2.830507428990006513e+00
5.391026527670270824e-02 6.883326900963864436e-05 7.798479087452471425e+00 2.792724545083154819e+00
5.414369868353056253e-02 6.749358219613563344e-05 7.707129094412331405e+00 2.855947636190991012e+00
5.437486949081267451e-02 6.641570492905651368e-05 7.546692607003890885e+00 2.570759728899862928e+00
5.460633195359332337e-02 6.803263502740879241e-05 7.576045627376426062e+00 2.598637483196310161e+00
5.484155575107002578e-02 6.931669974032373370e-05 7.415730337078652035e+00 2.584570899231936725e+00
5.507758596231705078e-02 6.905344121730599505e-05 7.172607879924953522e+00 2.697818131315810497e+00
5.531123208233620220e-02 6.772891677133621323e-05 7.164772727272727515e+00 2.610377579741179677e+00
5.554365515600671876e-02 6.719762712666427933e-05 7.184761904761904461e+00 2.570255817226444250e+00
5.577734969999190856e-02 6.950070055363419556e-05 6.906077348066298249e+00 2.670732175597978930e+00
5.601099427749139242e-02 6.700515619549475674e-05 6.798095238095237747e+00 2.606729821598659402e+00
5.624621814925619134e-02 7.010497752434535551e-05 6.880866425992779867e+00 2.689402269606477880e+00
5.648196424828423601e-02 6.688681858197991978e-05 6.819209039548022488e+00 2.572293076250175670e+00
5.671540211382259528e-02 6.857993554508776460e-05 6.709023941068140040e+00 2.381147102204850263e+00
5.695057597478152267e-02 6.911508132478911160e-05 6.754545454545454852e+00 2.607199187500984117e+00
5.718334936048233286e-02 6.546013463055807180e-05 6.516129032258064946e+00 2.565324541707101336e+00
5.741421041024297178e-02 6.793445858109002969e-05 6.405109489051095117e+00 2.485898478659949173e+00
5.764613918380164653e-02 6.637197386990278968e-05 6.475655430711610094e+00 2.576056263499554966e+00
5.788167249397389164e-02 7.061552392955100337e-05 6.126760563380281965e+00 2.414378875013754033e+00
5.811737136754223376e-02 6.704761694123777174e-05 6.125693160813308502e+00 2.475603161525659957e+00
5.834837921127641880e-02 6.699294913716081861e-05 6.112132352941176627e+00 2.453341081275219882e+00
5.858116591208732682e-02 6.832957605342608631e-05 6.172661870503596937e+00 2.356529701564652246e+00
5.881666226357543104e-02 6.848621822711322728e-05 6.005366726296959001e+00 2.350727541833492307e+00
5.905135363872197202e-02 6.777347974127791586e-05 5.783393501805053738e+00 2.416023007501567843e+00
5.928387195222793726e-02 6.772469370990553635e-05 5.629496402877697925e+00 2.442616887255531388e+00
5.951647621897535045e-02 6.683838279782646321e-05 5.646098003629764328e+00 2.343324770000459800e+00
5.974911582084686118e-02 6.869520850335110538e-05 5.688495575221239164e+00 2.420730423234270567e+00
5.998323909506843993e-02 6.775808722689177679e-05 5.788908765652951871e+00 2.339242933321817652e+00
6.021684065425213228e-02 6.821508261215899929e-05 5.585840707964601748e+00 2.257209713937373685e+00
6.045118304879574384e-02 6.844978444519072473e-05 5.533450704225352013e+00 2.209493715239533973e+00
6.068596061100132305e-02 6.815720570038588807e-05 5.339222614840989145e+00 2.135932067283946800e+00
6.092170969789185986e-02 6.974114108008298168e-05 5.303602058319039081e+00 2.247379277142012466e+00
6.115588848048909842e-02 6.553171796432443320e-05 5.185920577617328497e+00 2.128132052020220932e+00
6.138574783689496051e-02 6.713556217832948266e-05 5.057996485061511116e+00 2.232585059980753517e+00
6.161712726612254831e-02 6.659023579644488087e-05 5.074600355239787142e+00 2.120667722787092924e+00
6.184947732418764887e-02 6.842032557768410134e-05 5.069324090121317461e+00 2.335876605382313453e+00
6.208512874242018420e-02 6.932646695378516153e-05 4.882051282051282470e+00 2.167255773854411149e+00
6.232030440033373142e-02 6.786811594346220963e-05 4.770034843205574582e+00 2.125182768998628013e+00
6.255454887890503357e-02 6.903232039090102389e-05 4.708688245315161502e+00 2.180873329824478901e+00
6.279030404341265359e-02 6.817541082358109035e-05 4.632302405498282205e+00 2.197290199760246754e+00
6.302442562177140717e-02 6.783890935135950873e-05 4.642123287671233278e+00 2.184489960537698838e+00
6.325799215551787535e-02 6.707804214318665616e-05 4.581755593803786830e+00 2.063513190302990630e+00
6.349026508375751887e-02 6.699336420408434482e-05 4.438687392055268077e+00 2.031280465082029529e+00
6.372409184272515015e-02 6.892879157383024775e-05 4.319932998324958362e+00 1.979041242215291874e+00
6.395793742953777283e-02 6.642518885272369008e-05 4.452339688041594634e+00 2.137148394509507998e+00
6.419031457975818422e-02 6.826620328541081642e-05 4.201005025125628123e+00 2.048850804257666525e+00
6.442283327309653029e-02 6.576027226970875277e-05 4.287694974003466442e+00 1.913434366078936799e+00
6.465485140213383941e-02 6.860083938040020173e-05 4.287625418060200921e+00 2.103038116690631565e+00
6.489057688868674068e-02 6.918162283112673440e-05 4.206953642384106296e+00 2.049607355526523733e+00
6.512677614053768993e-02 6.800662934234975800e-05 3.877721943048576314e+00 2.017491113140442494e+00
6.535916383847417688e-02 6.723036061670840198e-05 4.000000000000000000e+00 1.971123749647636147e+00
6.559238943166004199e-02 6.775429361515336514e-05 3.825000000000000178e+00 1.993510304295750490e+00
6.582758612999557724e-02 6.859118299963685495e-05 3.914614121510673339e+00 1.915057673373890657e+00
6.606077625847779633e-02 6.646968386304463305e-05 3.858347386172006566e+00 1.896993062088839777e+00
6.629499012582010242e-02 6.873985157622226514e-05 3.760586319218241158e+00 1.896150212254744005e+00
6.652802461243248477e-02 6.667147267887053093e-05 3.756302521008403339e+00 1.782935059199597161e+00
6.676018753795931460e-02 6.790988101603729471e-05 3.619047619047619069e+00 1.879470847184279148e+00
6.699409877892320564e-02 6.752760488477305384e-05 3.374384236453201957e+00 1.786656792208480837e+00
6.722746570366622265e-02 6.715296906548569008e-05 3.379310344827586299e+00 1.842197686569867487e+00
6.746032149556230317e-02 6.698676487551811836e-05 3.358085808580858256e+00 1.844916960104370673e+00
6.769235389026706518e-02 6.820371575645631246e-05 3.363192182410423392e+00 1.838500369408216262e+00
6.792641117254087646e-02 6.820173351531172944e-05 3.357723577235772527e+00 1.856939757434374227e+00
6.816107073590284282e-02 6.878058967958357989e-05 3.230769230769230838e+00 1.732050807568877193e+00
6.839600153518463066e-02 6.745423942297350728e-05 3.252836304700162273e+00 1.820916813967553338e+00
6.862947544649959652e-02 6.741836193410811529e-05 3.195792880258899515e+00 1.821529308030604977e+00
6.886076050521675040e-02 6.695139243677821319e-05 3.166394779771615209e+00 1.769873926277033993e+00
6.909448405671331228e-02 6.857937925099385861e-05 2.982511923688394351e+00 1.643888398555879649e+00
6.933147198058889349e-02 6.945851940459737387e-05 3.010954616588419341e+00 1.685775095269746338e+00
6.956615814272766596e-02 6.659838482515636180e-05 3.034146341463414664e+00 1.722787056176131593e+00
6.979892421020185422e-02 6.845449894488580623e-05 2.892913385826771488e+00 1.701139508609228246e+00
7.003324628087082004e-02 6.708437855477542738e-05 2.955271565495207753e+00 1.672796283111398497e+00
7.026696723216839524e-02 6.749325677359571186e-05 2.901898734177215111e+00 1.617164468482440443e+00
7.049943687314187690e-02 6.712218498041330988e-05 2.921725239616613568e+00 1.764979822301750767e+00
7.073256586487845776e-02 6.824893734348157486e-05 2.668759811616954636e+00 1.619047280788863175e+00
7.096739529320396367e-02 6.805665211298504431e-05 2.600000000000000089e+00 1.590106128533564700e+00
7.119963565831700925e-02 6.604383357070072315e-05 2.681089743589743613e+00 1.552612536033377344e+00
7.143251491571993295e-02 6.833023575511234995e-05 2.609907120743033992e+00 1.585687973450480959e+00
7.166748936443330387e-02 6.797747120010720200e-05 2.545171339563863100e+00 1.551672398187285529e+00
7.190239887094113103e-02 6.812567208000406508e-05 2.556589147286821628e+00 1.702593136370972315e+00
7.213564083891418899e-02 6.727815908267241148e-05 2.428125000000000089e+00 1.609115573750841577e+00
7.236775266651256089e-02 6.677609510169290425e-05 2.401253918495297679e+00 1.487502931049349941e+00
7.260248712279285255e-02 6.869830537591529508e-05 2.418181818181817988e+00 1.521064220746897622e+00
7.283623165966979229e-02 6.586822544777081725e-05 2.384251968503936947e+00 1.584683962954924530e+00
7.306707252174290956e-02 6.700747180961246050e-05 2.217054263565891414e+00 1.499265689701730686e+00
7.329949258276330371e-02 6.772475651974369101e-05 2.298003072196620700e+00 1.540286150059329229e+00
7.353390515197159860e-02 6.826447305255654060e-05 2.251908396946564750e+00 1.514150568259295948e+00
7.377004759623378982e-02 6.923659859914002232e-05 2.155455904334828254e+00 1.351513596408043583e+00
7.400585793887086428e-02 6.684871515157072869e-05 2.131901840490797451e+00 1.470981238154826176e+00
7.423882513885866896e-02 6.705699330302101503e-05 2.111280487804878092e+00 1.369856123875414555e+00
7.447179934364664411e-02 6.729631389406922585e-05 2.158054711246200519e+00 1.499604995985361677e+00
7.470386502595725842e-02 6.677743912390293128e-05 2.013846153846154063e+00 1.352427578478635928e+00
7.493684316276932877e-02 6.880723494932199492e-05 1.955423476968796370e+00 1.351141792088063953e+00
7.517114345002372244e-02 6.635401491145231717e-05 1.931192660550458795e+00 1.266985431312445121e+00
7.540400894130300236e-02 6.796181942783490750e-05 1.864179104477611926e+00 1.293211020175899284e+00
7.563888952420828871e-02 6.793007447686484233e-05 1.883755588673621473e+00 1.325445509842136271e+00
7.587212767299332528e-02 6.666720262525264009e-05 1.922610015174506914e+00 1.349970898797831609e+00
7.610444662739059007e-02 6.812128212821508440e-05 1.835555555555555607e+00 1.349118901616751298e+00
7.633840355552658219e-02 6.704448074672975544e-05 1.694736842105263097e+00 1.297033234621801867e+00
7.657294088866806181e-02 6.913426714198188134e-05 1.780203784570596692e+00 1.283412807944663836e+00
7.680909613855584073e-02 6.745120118354667115e-05 1.795857988165680430e+00 1.390811063633869304e+00
7.704345247504407190e-02 6.715677607695802020e-05 1.708579881656804744e+00 1.298211569408783905e+00
7.727476474555629304e-02 6.635027155862049334e-05 1.694152923538230882e+00 1.277941882974290566e+00
7.750787862388756888e-02 6.818542687846034010e-05 1.678362573099415167e+00 1.332740070128009657e+00
7.774237043501058819e-02 6.813069542586966778e-05 1.656934306569343152e+00 1.293462786505094719e+00
7.797665167592943147e-02 6.707760415591992138e-05 1.513950073421439058e+00 1.229609863975474005e+00
7.821051974065167112e-02 6.733218681971041611e-05 1.518248175182481674e+00 1.203729087779725093e+00
7.844387394979719652e-02 6.745944882601931131e-05 1.529927007299270114e+00 1.267313051248665667e+00
7.867743152837132492e-02 6.749240172701480983e-05 1.525547445255474477e+00 1.192634614754814804e+00
7.890970530980039033e-02 6.748164380015466649e-05 1.483965014577259378e+00 1.198156735547237561e+00
7.914414745391105954e-02 6.806851035759457725e-05 1.389367816091954033e+00 1.176195093906553746e+00
7.937949292746850072e-02 6.797541296510754361e-05 1.446839080459770166e+00 1.209089073053273067e+00
7.961030015032465046e-02 6.738864298828837172e-05 1.286363636363636376e+00 1.133620932557609873e+00
7.984598519055025045e-02 6.790561728139939753e-05 1.417445482866043660e+00 1.225089516771731724e+00
8.007687882222253029e-02 6.447056716295559542e-05 1.301346801346801252e+00 1.134372866508104760e+00
8.030494588125068611e-02 6.608834776223229527e-05 1.312500000000000000e+00 1.112353847065348678e+00
8.054004005809645150e-02 6.984151446891397389e-05 1.284072249589490955e+00 1.151239478446316022e+00
8.077714850029885096e-02 6.767392876517773568e-05 1.231433506044905091e+00 1.133734062824713007e+00
8.101269351174554545e-02 6.824941035471516354e-05 1.214532871972318295e+00 1.110357385612594783e+00
8.124499042027705231e-02 6.566391543360840461e-05 1.254113345521023826e+00 1.122262957971000397e+00
8.147763778805076906e-02 6.850612538316699495e-05 1.194642857142857117e+00 1.091344658329945982e+00
8.171370565696982335e-02 6.843303816104012401e-05 1.153707052441229619e+00 1.069965276003576937e+00
8.194644813657113447e-02 6.527704147071792412e-05 1.101145038167938850e+00 1.072505500987037230e+00
8.217941383646631959e-02 6.844304487629756508e-05 1.114391143911439119e+00 1.105189152651761431e+00
8.241354877640369447e-02 6.643977738405588268e-05 1.100580270793036775e+00 1.014279485468037034e+00
8.264613760478992099e-02 6.785385497585561844e-05 1.074856046065259196e+00 1.032258458173749949e+00
8.288072046378301694e-02 6.777539431253258432e-05 9.845261121856866415e-01 1.028473484319879505e+00
8.311212554025591837e-02 6.484000319727093505e-05 1.012244897959183598e+00 9.614389465691562942e-01
8.334638570633212673e-02 7.022221827522090226e-05 1.026819923371647514e+00 1.045562911868364253e+00
8.358704646049577858e-02 6.663645268385280900e-05 9.923954372623574605e-01 9.797978153217826724e-01
8.382143415227705230e-02 6.846312793730281276e-05 1.034904013961605695e+00 1.016733317188191821e+00
8.405591962697228636e-02 6.576640212805385805e-05 9.614711033274956353e-01 9.868787459223637981e-01
8.428680641257924044e-02 6.623286801922068177e-05 9.348198970840480015e-01 9.752142536164746245e-01
8.452023012686848968e-02 6.905229191131505512e-05 9.515347334410338975e-01 9.318433940554083916e-01
8.475508438648238219e-02 6.596024294369417270e-05 8.811881188118811936e-01 9.735162465511913998e-01
8.498773362002838561e-02 6.745598113771460842e-05 9.049128367670364881e-01 9.597276448072501465e-01
8.522017358652922425e-02 6.573424789204848628e-05 8.924558587479936023e-01 9.418800556106293742e-01
8.545345635918015492e-02 6.827530828384012593e-05 8.957055214723926850e-01 9.797048517780934107e-01
8.568838710074284937e-02 6.739557208403640777e-05 8.455657492354740068e-01 9.105629760576687826e-01
8.591990562469611903e-02 6.499275358868887781e-05 8.205928237129485048e-01 9.222410197551590416e-01
8.615047449966896365e-02 6.728541472914020762e-05 8.263473053892215203e-01 8.862578891066651421e-01
8.638537494001211070e-02 6.792206805344957186e-05 8.453608247422680355e-01 8.898116226172502197e-01
8.662074503924638291e-02 6.782280238804023608e-05 7.997076023391812560e-01 9.179493809404848381e-01
8.685381778459443092e-02 6.674020065135433848e-05 7.214076246334311104e-01 8.352470408301498894e-01
8.708770284767913816e-02 6.753597429739365476e-05 7.913669064748201087e-01 8.875960325754237434e-01
8.732212221979428202e-02 6.822332096859763445e-05 7.741477272727272929e-01 8.757007229632427503e-01
8.755723433992959603e-02 6.741755499607516103e-05 7.189728958630527966e-01 8.363672494825272752e-01
8.779078654295230377e-02 6.688902566296500132e-05 7.010014306151645114e-01 8.245259620718159432e-01
8.802385785273660057e-02 6.732631344927013264e-05 7.067988668555240661e-01 8.339589227609580657e-01
8.825920820130851718e-02 6.779425408112107370e-05 6.938202247191010974e-01 8.345982593519585269e-01
8.849234674886145846e-02 6.696150027325509799e-05 7.134751773049645696e-01 8.595194608244997037e-01
8.872137438766081186e-02 6.623799103067982519e-05 6.242514970059880319e-01 7.922825522394764119e-01
8.895429543332857014e-02 6.738487815592646569e-05 7.019969278033794113e-01 8.648178918447377850e-01
8.918772016087560262e-02 6.684333251713010609e-05 6.124401913875597847e-01 7.921418351025028004e-01
8.942216213337644826e-02 6.785239281137156507e-05 6.876006441223831978e-01 8.046584632738906784e-01
8.965567864572877854e-02 6.700437258479202294e-05 6.272878535773710462e-01 8.087908921631734582e-01
8.988740917090436156e-02 6.600763457825628208e-05 6.603773584905660021e-01 8.214691001932145076e-01
9.011975323533148730e-02 6.773804127286482647e-05 6.118644067796610297e-01 7.688080291553697210e-01
9.035608288166475932e-02 6.874767433980949428e-05 5.505050505050504972e-01 7.692921158358041467e-01
9.059423529262686237e-02 6.860051062213127538e-05 5.979729729729730270e-01 7.408399412023115582e-01
9.082806409944925441e-02 6.591920751229069322e-05 5.827464788732393819e-01 7.395917007060210935e-01
9.105979902993641129e-02 6.679468897932259346e-05 5.611888111888111430e-01 7.307190400002231412e-01
9.129435639159146076e-02 6.847518630411293563e-05 5.660377358490565891e-01 7.359590013303810574e-01
9.152650281439915492e-02 6.468590151769530185e-05 5.390199637023593837e-01 7.147018348823602762e-01
9.175728164276017451e-02 6.760337681272159235e-05 5.689354275741710376e-01 7.485832879412851470e-01
9.199104812749678284e-02 6.693583434796843623e-05 5.168738898756660705e-01 7.433620662372600885e-01
9.222507569997025201e-02 6.793803912847704170e-05 5.396825396825396526e-01 7.044790254854293998e-01
9.246186654200068411e-02 6.944239987391782215e-05 5.043177892918825345e-01 6.869666539360861357e-01
9.269596921447360860e-02 6.487594269754672440e-05 5.267034990791896742e-01 7.256032008524697652e-01
9.292703616442406223e-02 6.779858569529950100e-05 4.893992932862190615e-01 7.351904095240830994e-01
9.316059594520455234e-02 6.613368773353799079e-05 4.735883424408014464e-01 7.184031818611724685e-01
9.339538772676710121e-02 6.900293928083786957e-05 4.473684210526315819e-01 6.507329485032805616e-01
9.363035783291058511e-02 6.644185014357123227e-05 4.863387978142076351e-01 6.634263874393723226e-01
9.386245806937851266e-02 6.674446860279308080e-05 5.171790235081373810e-01 7.046782168701190008e-01
9.409440198891941276e-02 6.727128699980994470e-05 4.631956912028725171e-01 7.152590613790577034e-01
9.432822867807295897e-02 6.787030890533636790e-05 4.902309058614564563e-01 6.965870884084057746e-01
9.456450311453787339e-02 6.856686819874252005e-05 4.808362369337979003e-01 7.202521273169133487e-01
9.479870037226469093e-02 6.586042330461264486e-05 4.496402877697841527e-01 6.679179077973098622e-01
9.503065075680132423e-02 6.692670173723798215e-05 4.422735346358792063e-01 7.143743159233678641e-01
9.526552764507723037e-02 6.873817835408579122e-05 4.139130434782608559e-01 6.432290939445950428e-01
9.549948238481764662e-02 6.592497101293757838e-05 4.736842105263157632e-01 6.760648725613218613e-01
9.573145469357186021e-02 6.763779021303956466e-05 4.603174603174602919e-01 6.762765840960174302e-01
9.596344353397949500e-02 6.508803650637630216e-05 4.835164835164835195e-01 6.750867056442941827e-01
9.619719815228761073e-02 6.891878545311372979e-05 4.258289703315881192e-01 6.370245518012624952e-01
9.643338477973723011e-02 6.764486940942661787e-05 3.707664884135472572e-01 6.364609940654928355e-01
9.666686513379581236e-02 6.634527000553854632e-05 4.083484573502722537e-01 6.225204106064865517e-01
9.689804830612920583e-02 6.673844817570089385e-05 4.386281588447653590e-01 6.370792808083788339e-01
9.713211530402467153e-02 6.751532973417066546e-05 3.745519713261648564e-01 6.003182996275103767e-01
9.736750905795905908e-02 6.828413715794354373e-05 3.967971530249110312e-01 6.008757429066732270e-01
9.760254220852407347e-02 6.723724816253193984e-05 3.693693693693693714e-01 6.027693576037450596e-01
9.783729966421263191e-02 6.713292727370104079e-05 4.007220216606497964e-01 6.177875296511022851e-01
9.807012441261567237e-02 6.702921340280121982e-05 4.163636363636363802e-01 6.354226809542403709e-01
9.830432198494945539e-02 6.771531372861528232e-05 4.234234234234234284e-01 6.763960124214769554e-01
9.853663875749650580e-02 6.592920559052215760e-05 4.225092250922509174e-01 6.607999969272499996e-01
9.876785373964377945e-02 6.639572360800846391e-05 3.875685557586837082e-01 5.928011692013025469e-01
9.900171307164255807e-02 6.725503490443550815e-05 3.581818181818181568e-01 6.364623300091386549e-01
9.923465994738583928e-02 6.748068345197972770e-05 4.343065693430657181e-01 6.264681195914156842e-01
9.947119774122156755e-02 6.881988242762419612e-05 3.703041144901609849e-01 5.962274847930018051e-01
9.970633280334199877e-02 6.694105292138958260e-05 3.614678899082569008e-01 6.209674215892453386e-01
9.993728249839414768e-02 6.534832822620718473e-05 4.044943820224718989e-01 6.316165987665252057e-01
1.001703666773564594e-01 6.807110521762425154e-05 3.628158844765342894e-01 6.104339805362324345e-01
1.004042664217037195e-01 6.656925648346958700e-05 3.574074074074073959e-01 6.211962440827797360e-01
1.006397678263622197e-01 6.842954627529723277e-05 3.729729729729729937e-01 5.791692832672518110e-01
1.008742614643446667e-01 6.658751459513834290e-05 4.100185528756957187e-01 6.429233997130626710e-01
1.011048192716836602e-01 6.576603880257255797e-05 3.822975517890772057e-01 6.164351291371112929e-01
1.013390231998947122e-01 6.916081345207424958e-05 3.405017921146953341e-01 5.448441316197086826e-01
1.015727676549605663e-01 6.516705286347274908e-05 3.605313092979127165e-01 6.065105071943782677e-01
1.018063810355425147e-01 6.852265857895202593e-05 3.833634719710669048e-01 6.090194701604758620e-01
1.020425928562866541e-01 6.754985595762503701e-05 3.241252302025782739e-01 5.841334970570239982e-01
1.022745336203261940e-01 6.568464132683736977e-05 3.301707779886148275e-01 5.694307144289345590e-01
1.025079986564226969e-01 6.883363629312960503e-05 3.808664259927797557e-01 5.871949635046188609e-01
1.027413231873401389e-01 6.438235018542032870e-05 3.857965451055662132e-01 6.466222453445654716e-01
1.029738054843176154e-01 6.827106302290229681e-05 3.551912568306010987e-01 5.884326626700966401e-01
1.032091814552798248e-01 6.721742881697321279e-05 3.538175046554934977e-01 5.965894558307256457e-01
1.034439824047587719e-01 6.784155240531380992e-05 3.493530499075785389e-01 5.789301539369645644e-01
1.036790446583389369e-01 6.769644679304059084e-05 3.579335793357933393e-01 6.208535060648140425e-01
1.039108473112752701e-01 6.478868293181549987e-05 3.448940269749518062e-01 5.882747434598830649e-01
1.041435991355559865e-01 6.876976636486558856e-05 3.163636363636363469e-01 5.709148812676825280e-01
1.043796853337771446e-01 6.639151268194193886e-05 3.571428571428571508e-01 5.594371500106420925e-01
1.046125879328569097e-01 6.649047237023615630e-05 3.759398496240601295e-01 6.447998610118687024e-01
1.048449497528018554e-01 6.678671360180158550e-05 3.302063789868667776e-01 5.814742918779861602e-01
1.050782436420249349e-01 6.680234379189081782e-05 3.075471698113207419e-01 5.340789258516043247e-01
1.053121578057464591e-01 6.813810244029516923e-05 3.456561922365988804e-01 6.029930710250641646e-01
1.055465828127617189e-01 6.602091647410296903e-05 3.624288425047438311e-01 5.846527374308502223e-01
1.057784850233827734e-01 6.633866725893719138e-05 2.973484848484848619e-01 5.376253137282809291e-01
1.060121054701392146e-01 6.796601729703331872e-05 3.308550185873606053e-01 5.511708755309244756e-01
1.062489964857592228e-01 6.804532742857089987e-05 3.743016759776536251e-01 6.012706359551858171e-01
1.064814477792258851e-01 6.617151051899120408e-05 3.250478011472275330e-01 5.685628482762444813e-01
1.067134525370284776e-01 6.660088521860815184e-05 3.465909090909091161e-01 5.706197696256272156e-01
1.069489685164438514e-01 6.844070374709154171e-05 2.994454713493530651e-01 5.635071047822073353e-01
1.071833396191340243e-01 6.614921031534214753e-05 3.326959847036328743e-01 5.538731944913432015e-01
1.074169666915256866e-01 6.748748480923821868e-05 3.433395872420262895e-01 5.947112044842600698e-01
1.076507130258745892e-01 6.685365476994657339e-05 3.295454545454545303e-01 5.919098460409493168e-01
1.078822248577407661e-01 6.549492787243419399e-05 3.527131782945736593e-01 5.908850849215240286e-01
1.081158030820603549e-01 6.892691260091426855e-05 3.191881918819188257e-01 5.634953366782521345e-01
1.083502519132016478e-01 6.550174513790631484e-05 3.423597678916827647e-01 6.074086137710723587e-01
1.085838887651629364e-01 6.788279140540267611e-05 3.738317757009345654e-01 6.259310472841483897e-01
1.088167529892371671e-01 6.600576014251126192e-05 4.015444015444015191e-01 6.258281137455118381e-01
1.090505526263309127e-01 6.812007346507967362e-05 3.383458646616541166e-01 5.872007160035820350e-01
1.092866482205838569e-01 6.842382848130358576e-05 3.526119402985074536e-01 5.676426693304102988e-01
1.095204794082260541e-01 6.485319910623837047e-05 3.411306042884990064e-01 5.983135409484426903e-01
1.097528862015335477e-01 6.749182814616273797e-05 2.875939849624060130e-01 5.225834363099144397e-01
1.099860225771209649e-01 6.572661825364852677e-05 3.191489361702127825e-01 5.677666288296129293e-01
1.102199794899808571e-01 6.771853003694458301e-05 2.994350282485875869e-01 5.913520935640342868e-01
1.104527673679933375e-01 6.605954367090497955e-05 3.578336557059961232e-01 5.820636391159011991e-01
1.106846995336629863e-01 6.639466551207307780e-05 3.538461538461538658e-01 5.637207332436504625e-01
1.109195593734974006e-01 6.847264593218049594e-05 3.539325842696628976e-01 5.940729002247674417e-01
1.111563010475637298e-01 6.737417664069918785e-05 3.358633776091081713e-01 6.065550303321584069e-01
1.113901732397686445e-01 6.590926552890959188e-05 3.783783783783783994e-01 6.430745049760754339e-01
1.116201801113623215e-01 6.530710990471277541e-05 3.457031250000000000e-01 5.832228783074699940e-01
1.118544392406903287e-01 6.842920462665363923e-05 3.433395872420262895e-01 6.133477708720225241e-01
1.120919882620126512e-01 6.808645466680088396e-05 3.239171374764595046e-01 5.767141313073378406e-01
1.123255119325231172e-01 6.496953905756043762e-05 3.156862745098039102e-01 5.781820665798701464e-01
1.125569423960908616e-01 6.660855058776252613e-05 3.793103448275861878e-01 6.021606404554584735e-01
1.127891651266763745e-01 6.585219533195248219e-05 4.066147859922178975e-01 6.488902896508383922e-01
1.130234059678330849e-01 6.798907267284735661e-05 3.780718336483931963e-01 5.909904939181707118e-01
1.132592717752512051e-01 6.709286710082286605e-05 3.613766730401529736e-01 6.012434302872489145e-01
1.134925261196267493e-01 6.566405257712189627e-05 3.735408560311284099e-01 6.248014416083734757e-01
1.137232837453631684e-01 6.560285114491499190e-05 3.378906250000000000e-01 5.976562500000000000e-01
1.139571109036284086e-01 6.796742105221370610e-05 3.806818181818181768e-01 6.043773974657660197e-01
1.141916071219103018e-01 6.614694266841438333e-05 3.832684824902723997e-01 6.109878736719214221e-01
1.144245089960832934e-01 6.685048664461395486e-05 3.903846153846153855e-01 6.078687669800318938e-01
1.146574952630475680e-01 6.619094374413487093e-05 3.813229571984435573e-01 6.477167671145835914e-01
1.148904160535498264e-01 6.707792820933123690e-05 3.629343629343629307e-01 5.831138522897482135e-01
1.151265174722906764e-01 6.876668888584983865e-05 3.860640301318267187e-01 6.140890361797161079e-01
1.153617816491615961e-01 6.565260628400561250e-05 4.019607843137255054e-01 6.151677596794390412e-01
1.155936763096339220e-01 6.650816827874497729e-05 3.868471953578336286e-01 6.204406746824153718e-01
1.158258315634240476e-01 6.588797587536296874e-05 3.784313725490195957e-01 5.913447229111618020e-01
1.160597319175528663e-01 6.799461765561689208e-05 3.828571428571428403e-01 6.022633049052342757e-01
1.162950314370258531e-01 6.674923210542826858e-05 4.379844961240310086e-01 6.755036713619226862e-01
1.165287100714146457e-01 6.653530395956359987e-05 3.565891472868217282e-01 6.268293940438859346e-01
1.167624675326668082e-01 6.672669288532265567e-05 4.282945736434108364e-01 6.048498977715083269e-01
1.169963813879617426e-01 6.705354536925166775e-05 3.984526112185686753e-01 6.674487566450244547e-01
1.172296699541907350e-01 6.631902832571586392e-05 3.859649122807017330e-01 6.180597703211865301e-01
1.174633317010978645e-01 6.682263370538187562e-05 3.856589147286821895e-01 6.078293041248891138e-01
1.176963758561083428e-01 6.650269296166132736e-05 3.496093750000000000e-01 6.039737086352817697e-01
1.179299254124360069e-01 6.728363660691870959e-05 4.235976789168278689e-01 6.591943180342864084e-01
1.181661083576700799e-01 6.789566897107491888e-05 3.957934990439770373e-01 6.388723023673827939e-01
1.184002669641160965e-01 6.566520377029123803e-05 3.929273084479371070e-01 6.296652455484532673e-01
1.186327021679424165e-01 6.597848618172980106e-05 3.901960784313725505e-01 6.320541929957497196e-01
1.188650719869437794e-01 6.702715015157560143e-05 3.592233009708737934e-01 6.088392786490862685e-01
1.190988067061411609e-01 6.629343627726192692e-05 3.620352250489236590e-01 5.808178298314318200e-01
1.193323897405050432e-01 6.682302270376797710e-05 4.054054054054054279e-01 6.710653523208193194e-01
1.195656510531601519e-01 6.587317906801366991e-05 3.625730994152046582e-01 6.003961924680976114e-01
1.198002489216287991e-01 6.746592986415190997e-05 3.333333333333333148e-01 5.740416444159872622e-01
1.200336589500475559e-01 6.624896294229367234e-05 3.462282398452611321e-01 5.955531104483370308e-01
1.202657768623850848e-01 6.571795768306507403e-05 3.585271317829457627e-01 5.824151263181799321e-01
1.204994510404173019e-01 6.765105501654847969e-05 4.127579737335834720e-01 6.477063062821339923e-01
1.207339951349819807e-01 6.562727713419021691e-05 3.788461538461538325e-01 6.056562776255358660e-01
1.209680956947216668e-01 6.741732215622490954e-05 3.925233644859812965e-01 5.927326497339384659e-01
1.212006880373407286e-01 6.513848631823455568e-05 3.769230769230769162e-01 5.956573614987831222e-01
1.214319994211767589e-01 6.582807741597457144e-05 4.201520912547528352e-01 6.620720727482937162e-01
1.216656057203382851e-01 6.790283688671594779e-05 3.752310536044362044e-01 5.787412677796929250e-01
1.219007843250684425e-01 6.671568653291726767e-05 3.909774436090225347e-01 6.117085483050105355e-01
1.221369572323006136e-01 6.825324584029650993e-05 4.168190127970749503e-01 6.531908519124043355e-01
1.223726009556053707e-01 6.573836356997660114e-05 4.177693761814744722e-01 6.165498510179970859e-01
1.226056442391218609e-01 6.616532013731783344e-05 4.256120527306967993e-01 6.410873650849383543e-01
1.228388051323681396e-01 6.703161226424012367e-05 3.992537313432835688e-01 5.905963265548449526e-01
1.230707296013911628e-01 6.457171094849102578e-05 4.092664092664092812e-01 6.541297198828004422e-01
1.233029183635097059e-01 6.759810128202039419e-05 4.151291512915128989e-01 6.626724799645737907e-01
1.235379854409733719e-01 6.570013406878603220e-05 3.719165085388994041e-01 6.121419773596310510e-01
1.237724597817453503e-01 6.756544521848162354e-05 4.277777777777777568e-01 6.563240943866257560e-01
1.240061498949734248e-01 6.566505030106075010e-05 4.057142857142856940e-01 6.309306375408906264e-01
1.242390821888286201e-01 6.661632460395466447e-05 3.928571428571428492e-01 6.449423158412078694e-01
1.244711632953071079e-01 6.579076840955865762e-05 4.171428571428571486e-01 6.474313453477343883e-01
1.247054517839266963e-01 6.761591240357131126e-05 3.977695167286245392e-01 6.354974823462381517e-01
1.249410059021845570e-01 6.697188855875631079e-05 4.296435272045028286e-01 6.468878821539503221e-01
1.251741761334562164e-01 6.583601426366064431e-05 4.011406844106463754e-01 6.239218172019160846e-01
1.254072382360083560e-01 6.640543300240981869e-05 3.943396226415094574e-01 6.034138079022578482e-01
1.256410482936734796e-01 6.683584359234039823e-05 4.003759398496240518e-01 6.432417615635057651e-01
1.258745257397245465e-01 6.611238233520655145e-05 4.087452471482889704e-01 6.401172021817770341e-01
1.261080103941889519e-01 6.690937462473420770e-05 3.883677298311444814e-01 6.321532452112518241e-01
1.263406670927800235e-01 6.522594346067754308e-05 3.934740882917466265e-01 6.359832051351522741e-01
1.265732414590826360e-01 6.685572305932845820e-05 4.143126177024482049e-01 6.307642462272052830e-01
1.268080548800749052e-01 6.733690508414850442e-05 3.539325842696628976e-01 6.065508092400057061e-01
1.270422367608540493e-01 6.597699196562882616e-05 4.209523809523809668e-01 6.508463006190318145e-01
1.272759152751854195e-01 6.689135984813015558e-05 4.266917293233082886e-01 6.438950861002178394e-01
1.275094590884037760e-01 6.604831116682244026e-05 3.664122137404580148e-01 5.893703250979410724e-01
1.277431018946701968e-01 6.733257125615095616e-05 3.966165413533834783e-01 6.126954595535180070e-01
1.279782552164440979e-01 6.710085433560373114e-05 4.210526315789473450e-01 6.519278281788095653e-01
1.282131041449612319e-01 6.621149459998993162e-05 3.977272727272727071e-01 6.467796097871061356e-01
1.284458066838963242e-01 6.548314267397141550e-05 3.869731800766283425e-01 6.641019500112966822e-01
1.286783609577602794e-01 6.654865817496632442e-05 3.939393939393939226e-01 6.130749395813701597e-01
1.289128241661116614e-01 6.697900382933094643e-05 4.113207547169811518e-01 6.569560971897150381e-01
1.291446660323967432e-01 6.835636986838949068e-05 4.094650205761317108e-01 6.787878416736423670e-01
1.293786085608263359e-01 6.605676840398337884e-05 3.844393592677345373e-01 6.159560799714135504e-01
1.296108774202269776e-01 6.783588626387897994e-05 4.066193853427895744e-01 6.310861310021171899e-01
1.298443923619162221e-01 6.722079102470935436e-05 3.350000000000000200e-01 5.904341622907653964e-01
1.300782666066699345e-01 6.749263575799763530e-05 3.730569948186528428e-01 5.906281229671687116e-01
1.303119143017006376e-01 6.684139813301355590e-05 3.487738419618528485e-01 5.566191299073963705e-01
1.305459241900186751e-01 6.810036271421107158e-05 4.441340782122905062e-01 6.988154695295419883e-01
1.307796783027228849e-01 6.720238230322061351e-05 3.588235294117647078e-01 5.955283194263359947e-01
1.310139024467842916e-01 6.790776888182086793e-05 3.843843843843843811e-01 5.620190521365927561e-01
1.312472894800687517e-01 6.625173267803912932e-05 3.885350318471337827e-01 6.507889899066725548e-01
1.314776668789590652e-01 6.618039329338910079e-05 3.642384105960264629e-01 6.043386545808886456e-01
1.317137024266215872e-01 7.043903276921694031e-05 3.746031746031746046e-01 6.227726752103551755e-01
1.319503540721679857e-01 6.642835643525359449e-05 3.822525597269624820e-01 6.115218130901035609e-01
1.321828723734352895e-01 6.718390404847075217e-05 3.754266211604095349e-01 6.045292594863699298e-01
1.324147834979462757e-01 6.603244305163348776e-05 3.865248226950354637e-01 6.224389204958188371e-01
1.326480411947886795e-01 6.877844789332857034e-05 3.819444444444444198e-01 6.356537960688901645e-01
1.328820802110143862e-01 6.636907368294008079e-05 4.160583941605839331e-01 6.070913105477080407e-01
1.331148138063605602e-01 6.785609440944978998e-05 4.202898550724637472e-01 6.303514854183200899e-01
1.333495643154704868e-01 6.741119029024297674e-05 4.074074074074073848e-01 6.371016332451799880e-01
1.335835372037798285e-01 6.759745300131219899e-05 4.226415094339622813e-01 5.990142608716924055e-01
1.338176466306949530e-01 6.831218422516185137e-05 3.371212121212120993e-01 5.550502752731576450e-01
1.340512797922887300e-01 6.599048480043925120e-05 4.015748031496063075e-01 6.129859309180787363e-01
1.342814461297319739e-01 6.559979566974010292e-05 4.072580645161290591e-01 6.294973466737586731e-01
1.345160483007357966e-01 6.963532972159798605e-05 3.540856031128404857e-01 5.755467565270534491e-01
1.347536796152505323e-01 6.810829448341578071e-05 3.967611336032388913e-01 6.086893400697249712e-01
1.349871276635005723e-01 6.677996814749840085e-05 4.041666666666666741e-01 6.198117993929018743e-01
1.352194676899014514e-01 6.661700689138378795e-05 4.177215189873417778e-01 6.562368460059737618e-01
1.354521481550482465e-01 6.703309091722472405e-05 4.077253218884120400e-01 6.028324408030014681e-01
1.356860453582514059e-01 6.856354300475121723e-05 4.145299145299145560e-01 5.890929149252071007e-01
1.359211357373890650e-01 6.716967141125949588e-05 3.920704845814977912e-01 6.519972614088995755e-01
1.361540064088500035e-01 6.678503458520554067e-05 3.901345291479820787e-01 5.968844015042388262e-01
1.363867967184397567e-01 6.692559243115627019e-05 3.105022831050228138e-01 5.456191114301485179e-01
1.366219029817275776e-01 6.946138516611432591e-05 3.108108108108108003e-01 5.278925671520162677e-01
1.368567259414371073e-01 6.686962625770076724e-05 4.103773584905660576e-01 5.896415091320855728e-01
1.370879062713149799e-01 6.563798020853460155e-05 3.864734299516908167e-01 5.875873828891454709e-01
1.373197126983267125e-01 6.725671536427617889e-05 3.526570048309178862e-01 5.714998305255185596e-01
1.375555620768925402e-01 6.925260661464505163e-05 4.162679425837320646e-01 6.605817247043634932e-01
1.377899351687938978e-01 6.618070308676317348e-05 3.248730964467004823e-01 5.212879156320905372e-01
1.380219266012210066e-01 6.752809196460790695e-05 3.819095477386934556e-01 6.549263793817142743e-01
1.382545611228954419e-01 6.572577943118536358e-05 3.821989528795811664e-01 6.450848208876376333e-01
1.384888270319775960e-01 6.920592491137856391e-05 2.857142857142856984e-01 5.637235639564548428e-01
1.387251204069650523e-01 6.776599831776989474e-05 3.756613756613756405e-01 6.370554937648669203e-01
1.389591668919520073e-01 6.693609892524315735e-05 3.135135135135135309e-01 5.409187865791075245e-01
1.391904057199591371e-01 6.569416018844522961e-05 3.854748603351955127e-01 6.016165815181455656e-01
1.394227790925808841e-01 6.774421325864447493e-05 4.166666666666666852e-01 6.998677123677127243e-01
1.396572113000431603e-01 6.854202640791657957e-05 2.752808988764045006e-01 5.288662712702153490e-01
1.398913498476041517e-01 6.688348527294887597e-05 3.121387283236994326e-01 5.453780965545003134e-01
1.401247906031993506e-01 6.646051683429370267e-05 3.058823529411764941e-01 5.444911277838184738e-01
1.403591895729549288e-01 6.805811419343037823e-05 3.846153846153846367e-01 6.896728294947439553e-01
1.405953485464094266e-01 6.905228462272873535e-05 3.214285714285714524e-01 5.719863349302484190e-01
1.408299829100064793e-01 6.644350311483485528e-05 2.999999999999999889e-01 5.471517157059827552e-01
1.410591665228413116e-01 6.501076246847150089e-05 3.548387096774193727e-01 5.893611066637044482e-01
1.412893301143412494e-01 6.674759269244742439e-05 4.645161290322580849e-01 6.274338666536374287e-01
1.415237124881587039e-01 6.927971403152424041e-05 3.121019108280254639e-01 4.920974754578012478e-01
1.417608398927272528e-01 6.767011984472880734e-05 3.289473684210526550e-01 5.953856498288828680e-01
1.419948711733081126e-01 6.643728084900887214e-05 3.469387755102040782e-01 6.041413833292257340e-01
1.422257950142377936e-01 6.614300048882033553e-05 2.517482517482517723e-01 5.234955880339270395e-01
1.424611599372695714e-01 6.976859826068063314e-05 3.673469387755102233e-01 6.090620213768539459e-01
1.426969880138435620e-01 6.713456917550140600e-05 3.237410071942445899e-01 5.546104711426769196e-01
1.429290483303200521e-01 6.598668785333661462e-05 3.602941176470588203e-01 5.922656048706553822e-01
1.431615992067113707e-01 6.674925674210528508e-05 3.134328358208955390e-01 5.804607905262700873e-01
1.433977864542690939e-01 6.958273395422789138e-05 3.382352941176470784e-01 5.738121475037253338e-01
1.436356797294852938e-01 6.762859419149515740e-05 2.923076923076923239e-01 5.490174116940148563e-01
1.438647788032675900e-01 6.395074090213278628e-05 2.809917355371900904e-01 5.039289659314424297e-01
1.440939223050132778e-01 6.721088340672915884e-05 3.439999999999999725e-01 5.553521405378750719e-01
1.443302270800670972e-01 6.810715064994765275e-05 4.227642276422764467e-01 6.403697127647223208e-01
1.445647386873331885e-01 6.765147823845471715e-05 3.865546218487395103e-01 5.841394015792529260e-01
1.448001674656267668e-01 6.812041505588835896e-05 4.237288135593220151e-01 6.589493958065670842e-01
1.450305141697986189e-01 6.417457142913943864e-05 3.027522935779816682e-01 5.185718444426639095e-01
1.452619539705164164e-01 6.860711380950888425e-05 4.736842105263157632e-01 7.064535646210833297e-01
1.454988966656826088e-01 6.757751339465679083e-05 3.761467889908257090e-01 6.493054047420367958e-01
1.457319267282644326e-01 6.746225896059649557e-05 3.490566037735848837e-01 6.021499395182241532e-01
1.459689564871680389e-01 6.919146774834719811e-05 3.084112149532710068e-01 6.200003099297941578e-01
1.462029517945844237e-01 6.518587451146425451e-05 2.959183673469387710e-01 5.021818285454813235e-01
1.464348845068329241e-01 6.893025110561780433e-05 2.970297029702970160e-01 5.207205462298888365e-01
1.466710325229612644e-01 6.703672746630305742e-05 2.708333333333333148e-01 5.126439499735115923e-01
1.469003469776316018e-01 6.495976429229445050e-05 3.516483516483516758e-01 5.457014952938523678e-01
1.471326263642964982e-01 6.784892292542188277e-05 3.655913978494623739e-01 6.873314758923388945e-01
1.473683745226096187e-01 6.734190408583911583e-05 4.494382022471909988e-01 6.574714084641704037e-01
1.476018743975685277e-01 6.760693685313507080e-05 2.873563218390804419e-01 5.263564662921980108e-01
1.478377306130267688e-01 6.772451548086767131e-05 2.705882352941176294e-01 5.428363291792625001e-01
1.480669483097254435e-01 6.431970194966852195e-05 3.717948717948718063e-01 7.033777807356514922e-01
1.482973419064994303e-01 6.861360276277018620e-05 2.962962962962962798e-01 5.350110785190239637e-01
1.485364113895124294e-01 6.936560494550093024e-05 3.291139240506328889e-01 5.249731988184235254e-01
1.487716162219679672e-01 6.677093946461412058e-05 2.027027027027027140e-01 4.673409855619079512e-01
1.490077522787839059e-01 6.871676643346850033e-05 3.243243243243243423e-01 7.027027027027027417e-01
1.492393961896789634e-01 6.506416229580026540e-05 3.880597014925373234e-01 5.768999429876918716e-01
1.494701913811684602e-01 6.907736733736162202e-05 2.608695652173912971e-01 5.324977701702560129e-01
1.497045353405743462e-01 6.634691779689233710e-05 3.125000000000000000e-01 5.009756106837937040e-01
1.499337638884900847e-01 6.630672807533855592e-05 4.838709677419354982e-01 6.471742789593184497e-01
1.501708286181911156e-01 6.972377942578611605e-05 3.015873015873015706e-01 5.281207860194961912e-01
1.504045133699344061e-01 6.505456575143086920e-05 1.964285714285714246e-01 4.439215319520020686e-01
1.506393971018608890e-01 7.070153912039902559e-05 4.576271186440677985e-01 7.490298235248931125e-01
1.508747560046925229e-01 6.361798606692725948e-05 2.352941176470588203e-01 4.730328659535224523e-01
1.511033451723478305e-01 6.822425875258773191e-05 3.846153846153846367e-01 5.995560487738420541e-01
1.513430592404528541e-01 6.953071659907809779e-05 2.156862745098039325e-01 5.394829996940233574e-01
1.515751618564359637e-01 6.342734358875888579e-05 2.954545454545454697e-01 5.529784118452927277e-01
1.518045724547506525e-01 6.938126820492401424e-05 4.565217391304347561e-01 7.499212308982756703e-01
1.520480234761667215e-01 6.976967995741814512e-05 2.500000000000000000e-01 5.330017908890261058e-01
1.522777008011769462e-01 6.272216552833166940e-05 5.135135135135134865e-01 8.967924336776788019e-01
1.525061322319957446e-01 6.929360622917626303e-05 3.333333333333333148e-01 5.310850045437943701e-01
1.527427011500204213e-01 6.666422581467422144e-05 3.428571428571428603e-01 5.405967979549857194e-01
1.529726548169981215e-01 6.665749530051660659e-05 1.818181818181818232e-01 3.927721635398702116e-01
1.532134048917648539e-01 7.071407902998622368e-05 3.636363636363636465e-01 4.923659639173308400e-01
1.534434790603389775e-01 6.011232516833131041e-05 3.461538461538461453e-01 5.626438014741457216e-01
1.536710418380370924e-01 6.976616835160736295e-05 2.857142857142856984e-01 4.629100498862758206e-01
1.539149550629408947e-01 6.925196045819559246e-05 4.799999999999999822e-01 7.133021800050802774e-01
1.541445478244997391e-01 6.478862577215637321e-05 1.904761904761904656e-01 4.040610178208843828e-01
1.543780235396354228e-01 7.053413531437874686e-05 2.380952380952380820e-01 4.390259265377565168e-01
1.546059873932826012e-01 5.909742656752603256e-05 1.250000000000000000e-01 3.423265984407288243e-01
1.548370283320493757e-01 7.086429496304842972e-05 3.529411764705882582e-01 6.056253024109999883e-01
1.550799786572540917e-01 6.540043890405022008e-05 4.615384615384615641e-01 7.692307692307691624e-01
1.553036635055988490e-01 6.758474544596143726e-05 9.090909090909091161e-02 3.015113445777636292e-01
1.555456416189227586e-01 7.341490814454251594e-05 2.000000000000000111e-01 4.242640687119285658e-01
1.557790343018141677e-01 5.399834121423047510e-05 0.000000000000000000e+00 0.000000000000000000e+00
1.559999688717171595e-01 6.566134794291481655e-05 0.000000000000000000e+00 0.000000000000000000e+00
1.562567987100282052e-01 8.033505465450464550e-05 0.000000000000000000e+00 0.000000000000000000e+00
