# q qerr I(q) I(q)err
3.001749291795529316e-03 1.167853270244704247e-04 4.270333333333333030e+03 2.850655317122193992e+03
3.216946015612575076e-03 6.406021311444656113e-05 7.323681159420289987e+03 1.832710437001361242e+03
3.430819248455692968e-03 7.252053699931147659e-05 6.734091954022988830e+03 1.190726009366978360e+03
3.672101494117159613e-03 7.545375631879780269e-05 5.688393939393939036e+03 7.071180093124273753e+02
3.918307832378639319e-03 7.374016049620304720e-05 4.727738317757009099e+03 4.202790618439595960e+02
4.147718136434350687e-03 6.107192035677698103e-05 3.974094736842105249e+03 2.964263686350468561e+02
4.365502826808959243e-03 6.779080658174564808e-05 3.383570093457944040e+03 2.334995005776747803e+02
4.594999596112334626e-03 7.420628290313399807e-05 2.885211382113820946e+03 2.055112545223320240e+02
4.835936192065706969e-03 7.320149930589021881e-05 2.440063492063492049e+03 1.488430929332395181e+02
5.080814687701338921e-03 7.653000632488168636e-05 2.080000000000000000e+03 1.477242645381365094e+02
5.317078266608570546e-03 6.172106439101172914e-05 1.779317073170731646e+03 9.763312576009791144e+01
5.551471060931053268e-03 7.668524467813574576e-05 1.545117283950617320e+03 9.787406524438576128e+01
5.788366925541485984e-03 6.194770960560404868e-05 1.332362962962962911e+03 7.459975065879180534e+01
6.009776342023025880e-03 6.950277321810145736e-05 1.168458064516129070e+03 6.831024744756494727e+01
6.247094567316056890e-03 7.317752475420629581e-05 1.021725146198830430e+03 6.585549513798129340e+01
6.480842620397410207e-03 6.691741107424957404e-05 8.964905660377359027e+02 5.005357044767477959e+01
6.718305882023165379e-03 7.577205940640407739e-05 7.874948979591836178e+02 4.781311886599179672e+01
6.954283760887284942e-03 6.032943043655961634e-05 6.981104294478527663e+02 3.958373300234761416e+01
7.176272274730767682e-03 6.864708281211200774e-05 6.256489361702127781e+02 3.799779379957642789e+01
7.411440332622126065e-03 7.201436331295212967e-05 5.585700000000000500e+02 3.532588215459028191e+01
7.640547325048651327e-03 6.719666067278881421e-05 4.985851063829787222e+02 3.058596391027274919e+01
7.880909625388352394e-03 7.780078248694467205e-05 4.529025423728813280e+02 2.772272373142234159e+01
8.119534573631228755e-03 6.182975050629921810e-05 4.064921465968586176e+02 2.389135863917356062e+01
8.341212846027333885e-03 7.037901862628595019e-05 3.689634703196347232e+02 2.634567116607997406e+01
8.584257463478678699e-03 7.672081168970473167e-05 3.390318725099601807e+02 2.168782287197166170e+01
8.826919166718070683e-03 6.518131950376178396e-05 3.087305936073059343e+02 1.853712006128203882e+01
9.051576779129599792e-03 7.018745924619574326e-05 2.872250000000000227e+02 2.094308507598630342e+01
9.278754197832399936e-03 6.574873290523112796e-05 2.645066079295154395e+02 1.807488664681771340e+01
9.511181178050998053e-03 7.470724405325664997e-05 2.453208955223880707e+02 1.910162569081695949e+01
9.756331684265373561e-03 7.268311501543828993e-05 2.278222222222222229e+02 1.647706474319502590e+01
9.992460030236703650e-03 6.501341219802315996e-05 2.126507936507936449e+02 1.500157672069265935e+01
1.021767907988490980e-02 6.882116667024825156e-05 1.998014981273408353e+02 1.507761205858043496e+01
1.044627826021552429e-02 6.776641009522302674e-05 1.868143939393939377e+02 1.474155121367800092e+01
1.067941769640304468e-02 7.427835917673683769e-05 1.765183946488294282e+02 1.284889897083832899e+01
1.092103363594707117e-02 6.948634926740279217e-05 1.660410958904109577e+02 1.416530924878512643e+01
1.115205959515964615e-02 6.613677834257579403e-05 1.575653710247349863e+02 1.285652080593552071e+01
1.138090927839274270e-02 7.036315799772670850e-05 1.501743421052631504e+02 1.284804078481657719e+01
1.161908717993895106e-02 7.230519164610463203e-05 1.442658227848101262e+02 1.192486190096783893e+01
1.185129732832000682e-02 6.908715592862023315e-05 1.365811688311688386e+02 1.137888679820668969e+01
1.208558089049110301e-02 7.062077464939989495e-05 1.311681957186544309e+02 1.139839001335774960e+01
1.231793957662911075e-02 6.797072397413507841e-05 1.250981012658227911e+02 1.171700281399292187e+01
1.255104362664789287e-02 7.284146348496770690e-05 1.209913793103448256e+02 1.094158542973598891e+01
1.278854709885444453e-02 6.836902354776895477e-05 1.165632530120481931e+02 1.056167128919286924e+01
1.301955791686103432e-02 7.052250088700313892e-05 1.111448863636363598e+02 1.079993103958126177e+01
1.325028003696187423e-02 6.572913682214379116e-05 1.090361445783132552e+02 9.693589113870563878e+00
1.348330464865910884e-02 7.403947498893654331e-05 1.048473684210526358e+02 9.631362522733809328e+00
1.372355777471481568e-02 7.011324266142941383e-05 1.019891008174386968e+02 9.051464346895803814e+00
1.396363525470880468e-02 7.100822662538032210e-05 9.905927835051546992e+01 9.508365263831356273e+00
1.419611930545690293e-02 6.442105916470620042e-05 9.546067415730337302e+01 9.708954240825741877e+00
1.442295386479172138e-02 6.909816387485589995e-05 9.454473684210526585e+01 9.304608961285673274e+00
1.465427040331478310e-02 7.032050413528805792e-05 9.141687979539642583e+01 9.467465554381002235e+00
1.488826669148199562e-02 6.870854531503662287e-05 8.838734177215189902e+01 9.167930353336441129e+00
1.512493372137564684e-02 7.038106039296808131e-05 8.603406326034063056e+01 9.391920374202836541e+00
1.535996817115549591e-02 6.948886920014566576e-05 8.531372549019607732e+01 9.526685541608317820e+00
1.559107684366512793e-02 6.926322144844645774e-05 8.311249999999999716e+01 9.384968034042527663e+00
1.582030048556574975e-02 6.778990216657608829e-05 8.214470284237725650e+01 8.341862510176024870e+00
1.604934829520379691e-02 6.632072085052491666e-05 8.086910994764397742e+01 9.126557043852049134e+00
1.628904364851086611e-02 7.370425539511840857e-05 7.771021377672208530e+01 9.003873050846756598e+00
1.652925296731121152e-02 6.866669088367037858e-05 7.733505154639175316e+01 8.571076143881523279e+00
1.676290647126136429e-02 6.841736000850834820e-05 7.686445012787723385e+01 9.014152031461708958e+00
1.698898227523908816e-02 6.513545783602395407e-05 7.470889487870620371e+01 8.278063360273879567e+00
1.721559450095504207e-02 6.815141817037284600e-05 7.384237726098190535e+01 8.578144723638798652e+00
1.745425431013439971e-02 7.361591577158020986e-05 7.333729216152019603e+01 8.683323056285731312e+00
1.769237993647997109e-02 6.752629516254465077e-05 7.267616580310880181e+01 8.522630175404433572e+00
1.792581344598703774e-02 6.995690167491317953e-05 7.084691358024691965e+01 8.234728560077849480e+00
1.815810556613557669e-02 6.785108792352181407e-05 7.064450127877238117e+01 8.250897832107581209e+00
1.839232362436072146e-02 7.095327149885457684e-05 7.020782396088019084e+01 8.236056274200640459e+00
1.863037138017983527e-02 7.115596482089993704e-05 6.938516746411482927e+01 8.306101580086297176e+00
1.886280557207787104e-02 6.449751950033663162e-05 6.843864229765013363e+01 8.692115021169099620e+00
1.909573960115521288e-02 7.170118321703184772e-05 6.829603729603729789e+01 8.400202475734239727e+00
1.933100079269604518e-02 6.740791281490355268e-05 6.757575757575757791e+01 7.838377329998341025e+00
1.956643258492160933e-02 7.263834258317552345e-05 6.648847926267281139e+01 7.964340293029334106e+00
1.980140115393233882e-02 6.562685565221032481e-05 6.683458646616541898e+01 8.132042703368336234e+00
2.002553894851007155e-02 6.516318768203393532e-05 6.648737373737374412e+01 8.094989135078005660e+00
2.025791866108470757e-02 7.136486459924699065e-05 6.565446224256292851e+01 7.759024901118536377e+00
2.049506424590396420e-02 6.900197405484374000e-05 6.518854415274462610e+01 8.101576728015272622e+00
2.073118625762118000e-02 7.052247030088847036e-05 6.537844036697248384e+01 8.268700764874058251e+00
2.096357000287297698e-02 6.647394664901699988e-05 6.525845410628019749e+01 7.713875424804739644e+00
2.119430833328746558e-02 6.961349209216719826e-05 6.531308411214953935e+01 7.718977677497878886e+00
2.143145413784678169e-02 7.298555940605846982e-05 6.498249452954047456e+01 7.868565058816430202e+00
2.167047737296409413e-02 6.691391229536730319e-05 6.522716627634660824e+01 8.284772300937770950e+00
2.189928641736541004e-02 6.715504648428360229e-05 6.443356643356644042e+01 7.923261055719844848e+00
2.212935186570120366e-02 6.857374351609249376e-05 6.530523917995444094e+01 8.937189479011260929e+00
2.236393702227972707e-02 6.998460737683496991e-05 6.486995515695066672e+01 9.116747432826379338e+00
2.259777835583483968e-02 6.986464902764970590e-05 6.429867256637167827e+01 7.949366574101264682e+00
2.283319440761695171e-02 6.790936196889400258e-05 6.430941704035873840e+01 7.947361841295618845e+00
2.306264206423920202e-02 6.694360958493462607e-05 6.535681818181818414e+01 8.414859200955229213e+00
2.329708818082978222e-02 7.159338094189254982e-05 6.437367303609342173e+01 8.082983517549438446e+00
2.353543375433993223e-02 6.985578503684801541e-05 6.535947712418300171e+01 8.104847489978075359e+00
2.377007062717483368e-02 7.009305664980517553e-05 6.533475479744136294e+01 8.512098282303185215e+00
2.400302358301376407e-02 6.597292527615178370e-05 6.545842696629213719e+01 7.778960290690581481e+00
2.423507457935474702e-02 7.157919103467260530e-05 6.587809917355372136e+01 7.779460925683873818e+00
2.447096161315339205e-02 6.736211404920262771e-05 6.584967320261438317e+01 7.950620633778997082e+00
2.470427111069508144e-02 6.982655739072169126e-05 6.648856548856548443e+01 8.408078937874050141e+00
2.493809997853204188e-02 6.775469533352249248e-05 6.736034115138592426e+01 8.157231893695348290e+00
2.517118618717203993e-02 6.980743985615223796e-05 6.698723404255319736e+01 8.705942044948121961e+00
2.540636145408604191e-02 6.938193712001703524e-05 6.721111111111110858e+01 8.000577139675685956e+00
2.563827354025385516e-02 6.629623788449823620e-05 6.758411214953271440e+01 8.506121500332923802e+00
2.586948195348701476e-02 6.770189532135148904e-05 6.872055427251731885e+01 7.920200679399254540e+00
2.609745587984336687e-02 6.509333995869156359e-05 6.882352941176471006e+01 8.502611716272429732e+00
2.633484837400032474e-02 7.348807666944635701e-05 6.883259911894272420e+01 7.987064174256852667e+00
2.657557098811626564e-02 6.881179166339853475e-05 6.934523809523810201e+01 8.707999293791903739e+00
2.680365379537597362e-02 6.422825624438124588e-05 6.991326530612245449e+01 8.451989906638809558e+00
2.703234577850367401e-02 6.946685782169436285e-05 7.074109263657956603e+01 8.653191328424862050e+00
2.726970666685900324e-02 6.993093227310868997e-05 7.086223277909738272e+01 8.254973557905936232e+00
2.750750127458209335e-02 6.961999393279447927e-05 7.170000000000000284e+01 8.995488287125361637e+00
2.774064166089718064e-02 6.699331928476430444e-05 7.252238805970149826e+01 8.574638773054182650e+00
2.797286317169397213e-02 6.855334754057274232e-05 7.287990196078430927e+01 8.565490940057882696e+00
2.820747942598401947e-02 7.000105603626221500e-05 7.292233009708738223e+01 8.709223558016214284e+00
2.843871508024181996e-02 6.660692948204320466e-05 7.496153846153846700e+01 8.574467856013381351e+00
2.867376841695860532e-02 7.113061539282546195e-05 7.503554502369668455e+01 8.869712879411309814e+00
2.890771417331186935e-02 6.480505975226419921e-05 7.553926701570681246e+01 8.985801811365620395e+00
2.913907964587559782e-02 7.035121785828480224e-05 7.558823529411765207e+01 8.874728905650522748e+00
2.937603130710666338e-02 7.051255909955699420e-05 7.724630541871921707e+01 9.022224306528153548e+00
2.960814043237767687e-02 6.584026763423021398e-05 7.782677165354330384e+01 8.679234835220286826e+00
2.983961579365264002e-02 6.983920439112704980e-05 7.929584352078239817e+01 9.091022840006568018e+00
3.007086711816524260e-02 6.649470887843013508e-05 7.929679144385026746e+01 9.001983284325405066e+00
3.030849094681176484e-02 7.199344525738288452e-05 7.998697916666667140e+01 8.938581210095883023e+00
3.054989504902336575e-02 6.904743658252054722e-05 8.144289693593314894e+01 8.744281423647128904e+00
3.078165236014722417e-02 6.430462589111944952e-05 8.270245398773006684e+01 9.081235370881108437e+00
3.100904415161786359e-02 6.891371557748558090e-05 8.305309734513274122e+01 8.856125880985468157e+00
3.124378004707335788e-02 6.802347259085625550e-05 8.461890243902439579e+01 1.008137344666333490e+01
3.148005278710188509e-02 6.963790735804129299e-05 8.525225225225224790e+01 8.787457459230566315e+00
3.171371101549351479e-02 6.491098522060580905e-05 8.573051948051947591e+01 9.076937315369907111e+00
3.194253270530488659e-02 6.643720727097939297e-05 8.653114754098361061e+01 9.415453855127649874e+00
3.217772739409639066e-02 7.207253078604244857e-05 8.732716049382716506e+01 9.693871066798674718e+00
3.241258335410790448e-02 6.484611046219248903e-05 8.935540069686410902e+01 9.414035138795870949e+00
3.264445272271138121e-02 7.067815627986795619e-05 8.988141025641026260e+01 9.861296657235229191e+00
3.288009324972624575e-02 6.514072171913584642e-05 9.092280701754386030e+01 9.077294705077019188e+00
3.311251835395861987e-02 6.923154512368420417e-05 9.162585034013605423e+01 1.000450058379426643e+01
3.334620240946842284e-02 6.906008769013418584e-05 9.410416666666667140e+01 9.924188178151924333e+00
3.358123372194379841e-02 6.790165455744005493e-05 9.428928571428571104e+01 9.805948840018551493e+00
3.381409346726198945e-02 6.946853510284985394e-05 9.505633802816900868e+01 9.858533682640212348e+00
3.405235163866184023e-02 6.660978410321308902e-05 9.761538461538461320e+01 1.061620803535927493e+01
3.428443415797702287e-02 7.014504093919582688e-05 9.903459119496855578e+01 9.758668793902632643e+00
3.451790515064617759e-02 6.752790833138901940e-05 9.906329113924050489e+01 1.002651507986156076e+01
3.475058674309065149e-02 6.860561414856442648e-05 1.005932721712538296e+02 9.993499182220402233e+00
3.498255247524993672e-02 6.949851211445105619e-05 1.022447761194029852e+02 1.026284024786603410e+01
3.521787450520567214e-02 6.928285379750772884e-05 1.021140350877193015e+02 1.080294884296430169e+01
3.545148567192742128e-02 6.819735758945621247e-05 1.031257309941520504e+02 9.906687341812979497e+00
3.568299999600531985e-02 6.771859016455015492e-05 1.048318840579710098e+02 1.061378392269882021e+01
3.591626020472690056e-02 6.847219215976182126e-05 1.063903133903133948e+02 1.036649179214876781e+01
3.615098875833893527e-02 7.052968595604587306e-05 1.066336088154269959e+02 1.058832763197561633e+01
3.638614682571900127e-02 6.820923678434241515e-05 1.089322033898305051e+02 1.040660713156825601e+01
3.661805186382561389e-02 6.907515541028400551e-05 1.098429752066115697e+02 1.099585353379143449e+01
3.685317606104113880e-02 6.904996252045599340e-05 1.102934782608695627e+02 1.010335149759385409e+01
3.708883642168768480e-02 6.873622836593106498e-05 1.117648648648648617e+02 1.008696082428014762e+01
3.732239511597464088e-02 6.812675490547725891e-05 1.123414634146341484e+02 9.941743189746416576e+00
3.755463123269808107e-02 6.778877579542675561e-05 1.139048913043478279e+02 1.091662773505903061e+01
3.778670279175407737e-02 6.944847979951479207e-05 1.143713527851458878e+02 1.100547030159651563e+01
3.802298536488796232e-02 7.020534180361206209e-05 1.164051948051948102e+02 1.056595793226908597e+01
3.825885045270431550e-02 6.844491048717255130e-05 1.170656167979002618e+02 1.145875007461865991e+01
3.849029289296715395e-02 6.652498920162236353e-05 1.179786666666666690e+02 1.136143277349589731e+01
3.872248042820892328e-02 6.790361104831614330e-05 1.189559585492227995e+02 1.200293652043925086e+01
3.895386220490307250e-02 6.719082682281010037e-05 1.195804749340369426e+02 1.042524285695572139e+01
3.918674717410664671e-02 7.000314829290660062e-05 1.203215189873417756e+02 1.086982684845670555e+01
3.942407118577949399e-02 7.012279782529274620e-05 1.212779156327543433e+02 1.114957535881062789e+01
3.965683877455637024e-02 6.593437650155711338e-05 1.207506493506493541e+02 1.071530195888868064e+01
3.988742774945142761e-02 6.864886435371258416e-05 1.221588089330024758e+02 1.067382353129481665e+01
4.012278533538721215e-02 6.997066240485112700e-05 1.236570048309178702e+02 1.165661592853454565e+01
4.035757945334737112e-02 6.763234382336403173e-05 1.248465346534653406e+02 1.115766083260138686e+01
4.059262090047784100e-02 7.047756166092368556e-05 1.245817757009345854e+02 1.129580184464464132e+01
4.082512016076288858e-02 6.496092607463988043e-05 1.256775818639798530e+02 1.131976360226740219e+01
4.105717491102069128e-02 7.111181249420595236e-05 1.256059225512528457e+02 1.097174155778138882e+01
4.129381576814993016e-02 6.732684386414472533e-05 1.250547619047619037e+02 1.176625473831386337e+01
4.152473579130346731e-02 6.726668318915885337e-05 1.260141509433962312e+02 1.119740633349373482e+01
4.175787959977999425e-02 6.911235940839533670e-05 1.264063926940639249e+02 1.081898260870950956e+01
4.199237839299468922e-02 6.860112016482474860e-05 1.270483870967741922e+02 1.161845745312218270e+01
4.222717975068539242e-02 7.045110183040372183e-05 1.263053097345132727e+02 1.181215181313610252e+01
4.246249924109424950e-02 6.709506009279194230e-05 1.274141876430205969e+02 1.163886865941304016e+01
4.269335040669582776e-02 6.700621335665329654e-05 1.271503416856492095e+02 1.190157316130812504e+01
4.292717084091476204e-02 6.896437123237502613e-05 1.268893805309734546e+02 1.197336261895727816e+01
4.316007288560289035e-02 6.735835804845247382e-05 1.264373576309795055e+02 1.147190930804209685e+01
4.339440191910803879e-02 7.037245596857638261e-05 1.274220779220779178e+02 1.101868905110834262e+01
4.363144753970988471e-02 6.826143681517027339e-05 1.265277161862527748e+02 1.129084664141495509e+01
4.386107962274469335e-02 6.624164794214468591e-05 1.259724770642201861e+02 1.125941422631766997e+01
4.409573705596323001e-02 7.170940769140793695e-05 1.245870020964360521e+02 1.071981906500111137e+01
4.433534367545302612e-02 6.775590854826653211e-05 1.255701754385964932e+02 1.144948138730159037e+01
4.456682912223779158e-02 6.610492296161660122e-05 1.245825892857142918e+02 1.169816900219117706e+01
4.479780304487864656e-02 6.786442677967826091e-05 1.232735229759299784e+02 1.088713563941584717e+01
4.503013318854280633e-02 6.853635641818868680e-05 1.225228758169934622e+02 1.122934149509105062e+01
4.526436263630335272e-02 6.918514626283685297e-05 1.220599571734475433e+02 1.129063028535197866e+01
4.549984770861909000e-02 6.833630877532204714e-05 1.209871520342612428e+02 1.120443760208874906e+01
4.573057769171592901e-02 6.540293680537103750e-05 1.199175946547884166e+02 1.039400510326009197e+01
4.596282480080345761e-02 6.990247096589263711e-05 1.193577405857740530e+02 1.072996665001800309e+01
4.619732296389236076e-02 6.786250507108923557e-05 1.179848484848484844e+02 1.100638134342046115e+01
4.643258444511101646e-02 7.033191385126720280e-05 1.169731958762886563e+02 1.090725897912330922e+01
4.666845704786030252e-02 6.692058153033048496e-05 1.154698275862068897e+02 1.117195605903008016e+01
4.689934413756127740e-02 6.802189408205146866e-05 1.149978768577494748e+02 1.088016131797357211e+01
4.713438507358027468e-02 6.944147399833233919e-05 1.132355371900826384e+02 1.056897692976878744e+01
4.736795136815064727e-02 6.656957436849283657e-05 1.111862955032119942e+02 1.057207126176619205e+01
4.759859747438226207e-02 6.769763208725077138e-05 1.096821052631578937e+02 1.067280656622240187e+01
4.783274694655795245e-02 6.928267493286968941e-05 1.093855670103092734e+02 9.822579136822419343e+00
4.806634396749334681e-02 6.807281927440189521e-05 1.084079497907949730e+02 1.018488684077463979e+01
4.830248047396420996e-02 6.966332651828869844e-05 1.060080645161290391e+02 1.092625350881141166e+01
4.853643200824572096e-02 6.606102041943429451e-05 1.051183932346723111e+02 1.009264571930565069e+01
4.876414520816241271e-02 6.613248851928526920e-05 1.027600849256900233e+02 1.040584615220564046e+01
4.899792577344610350e-02 7.109046729717630826e-05 1.014019801980197997e+02 1.020743274130752098e+01
4.923470399315162116e-02 6.843725681761876167e-05 1.004938271604938222e+02 1.014483339774426973e+01
4.947209300203903731e-02 7.062440267994869150e-05 9.932681017612524954e+01 9.602241004614038289e+00
4.970767414357019076e-02 6.568520737628115111e-05 9.682672233820458985e+01 9.594431739818679361e+00
4.993955421601320444e-02 6.870069007268534431e-05 9.535070140280561191e+01 9.520042980392506848e+00
5.017343134654914799e-02 6.784437425331957467e-05 9.451919191919192542e+01 1.034906787084358903e+01
5.040364307755263590e-02 6.549987049623397846e-05 9.214345114345114496e+01 9.249739595395681135e+00
5.063525219032424807e-02 6.906177440634427543e-05 9.108300395256917170e+01 9.391316824361892301e+00
5.087248401921887209e-02 6.982607771126056830e-05 8.950588235294117112e+01 1.008114024784176799e+01
5.110824603904627617e-02 6.828347019243583200e-05 8.728742514970059574e+01 9.697201913813646712e+00
5.134041616444540157e-02 6.749734166748146504e-05 8.583400000000000318e+01 9.456326559505017215e+00
5.157233759481640728e-02 6.701141620730611365e-05 8.438276553106211963e+01 9.583749036226647533e+00
5.180603234918396832e-02 6.902301690403682475e-05 8.317543859649123306e+01 9.921464116953728762e+00
5.204093912643181080e-02 6.858285367200194556e-05 8.118467583497053397e+01 9.164060787263878183e+00
5.227550176404114485e-02 6.841128413638082530e-05 8.027485380116958424e+01 8.982169956657749310e+00
5.250874134631969281e-02 6.710124584087647154e-05 7.784615384615383959e+01 9.047959674310067868e+00
5.273983379343173683e-02 6.699865505256583098e-05 7.704174950298211400e+01 9.115251132068530993e+00
5.297309563147201833e-02 7.004200559247158596e-05 7.511954459203036549e+01 8.529509912410512484e+00
5.320870841843343413e-02 6.736639692893721994e-05 7.397064579256360162e+01 8.758616705859353146e+00
5.344158726524587955e-02 6.810737650478912789e-05 7.271483622350673670e+01 8.886840588211011749e+00
5.367526270033567970e-02 6.805918753122887452e-05 7.167244701348747071e+01 8.237326160367002714e+00
5.391026527670270824e-02 6.883326900963864436e-05 6.969201520912547210e+01 8.561985848579107383e+00
5.414369868353056253e-02 6.749358219613563344e-05 6.835645472061656847e+01 7.771224567234327196e+00
5.437486949081267451e-02 6.641570492905651368e-05 6.689494163424124906e+01 7.972621169174280986e+00
5.460633195359332337e-02 6.803263502740879241e-05 6.559695817490494107e+01 7.908237041290855807e+00
5.484155575107002578e-02 6.931669974032373370e-05 6.401498127340823885e+01 7.956799924560574944e+00
5.507758596231705078e-02 6.905344121730599505e-05 6.287054409005628486e+01 8.082703150444551454e+00
5.531123208233620220e-02 6.772891677133621323e-05 6.185416666666666430e+01 7.822561702595198341e+00
5.554365515600671876e-02 6.719762712666427933e-05 6.111238095238095269e+01 8.081192970013407972e+00
5.577734969999190856e-02 6.950070055363419556e-05 5.928176795580110792e+01 8.038944259537611714e+00
5.601099427749139242e-02 6.700515619549475674e-05 5.839619047619047620e+01 7.748178104921066733e+00
5.624621814925619134e-02 7.010497752434535551e-05 5.725812274368230703e+01 7.303545769897738182e+00
5.648196424828423601e-02 6.688681858197991978e-05 5.622033898305084421e+01 7.211029514766690518e+00
5.671540211382259528e-02 6.857993554508776460e-05 5.496869244935543009e+01 6.898292481504663343e+00
5.695057597478152267e-02 6.911508132478911160e-05 5.350363636363636033e+01 7.099679424726472732e+00
5.718334936048233286e-02 6.546013463055807180e-05 5.243833017077798786e+01 6.885094322838671843e+00
5.741421041024297178e-02 6.793445858109002969e-05 5.204744525547445022e+01 6.918030745470814757e+00
5.764613918380164653e-02 6.637197386990278968e-05 5.039513108614232095e+01 6.656643561544337118e+00
5.788167249397389164e-02 7.061552392955100337e-05 4.979225352112676006e+01 7.097321227577285896e+00
5.811737136754223376e-02 6.704761694123777174e-05 4.879297597042513956e+01 6.868396682238183004e+00
5.834837921127641880e-02 6.699294913716081861e-05 4.831985294117647101e+01 6.644694013389509379e+00
5.858116591208732682e-02 6.832957605342608631e-05 4.701079136690647431e+01 6.881701579144384517e+00
5.881666226357543104e-02 6.848621822711322728e-05 4.618604651162790731e+01 6.869188838132335384e+00
5.905135363872197202e-02 6.777347974127791586e-05 4.516425992779783627e+01 6.516185985307899386e+00
5.928387195222793726e-02 6.772469370990553635e-05 4.458273381294964111e+01 6.749337427968597147e+00
5.951647621897535045e-02 6.683838279782646321e-05 4.429038112522685822e+01 6.692877461407016781e+00
5.974911582084686118e-02 6.869520850335110538e-05 4.300000000000000000e+01 6.229106670422687841e+00
5.998323909506843993e-02 6.775808722689177679e-05 4.216100178890876293e+01 6.532110152359111410e+00
6.021684065425213228e-02 6.821508261215899929e-05 4.130088495575220975e+01 6.203360556913961155e+00
6.045118304879574384e-02 6.844978444519072473e-05 4.067605633802816811e+01 6.082338554634706185e+00
6.068596061100132305e-02 6.815720570038588807e-05 3.975265017667844347e+01 5.813825923073507873e+00
6.092170969789185986e-02 6.974114108008298168e-05 3.915437392795883653e+01 6.221643834837155218e+00
6.115588848048909842e-02 6.553171796432443320e-05 3.887545126353790437e+01 5.950651693286649113e+00
6.138574783689496051e-02 6.713556217832948266e-05 3.778734622144112620e+01 6.155149335106496977e+00
6.161712726612254831e-02 6.659023579644488087e-05 3.719182948490230700e+01 5.759920663356609793e+00
6.184947732418764887e-02 6.842032557768410134e-05 3.635008665511265491e+01 5.899451048445301105e+00
6.208512874242018420e-02 6.932646695378516153e-05 3.606837606837606813e+01 5.690197499063415876e+00
6.232030440033373142e-02 6.786811594346220963e-05 3.530313588850174256e+01 5.894034882605290626e+00
6.255454887890503357e-02 6.903232039090102389e-05 3.432538330494037382e+01 5.786546279082904753e+00
6.279030404341265359e-02 6.817541082358109035e-05 3.397250859106529219e+01 5.839716583006584472e+00
6.302442562177140717e-02 6.783890935135950873e-05 3.343835616438356340e+01 5.495517971100513321e+00
6.325799215551787535e-02 6.707804214318665616e-05 3.251979345955249556e+01 5.812554246214723719e+00
6.349026508375751887e-02 6.699336420408434482e-05 3.180829015544041383e+01 5.701790237515234949e+00
6.372409184272515015e-02 6.892879157383024775e-05 3.175544388609715085e+01 5.588042128171987422e+00
6.395793742953777283e-02 6.642518885272369008e-05 3.136568457538994892e+01 5.492583030971047720e+00
6.419031457975818422e-02 6.826620328541081642e-05 3.090954773869346894e+01 5.642923723579016837e+00
6.442283327309653029e-02 6.576027226970875277e-05 2.982842287694974104e+01 5.290166523884154870e+00
6.465485140213383941e-02 6.860083938040020173e-05 2.956688963210702425e+01 5.311436406117824305e+00
6.489057688868674068e-02 6.918162283112673440e-05 2.908278145695364358e+01 5.219509966057822581e+00
6.512677614053768993e-02 6.800662934234975800e-05 2.859798994974874375e+01 5.134394087234724680e+00
6.535916383847417688e-02 6.723036061670840198e-05 2.831871838111298345e+01 5.266118906543947098e+00
6.559238943166004199e-02 6.775429361515336514e-05 2.730999999999999872e+01 5.180355521905165794e+00
6.582758612999557724e-02 6.859118299963685495e-05 2.737931034482758719e+01 5.013734604158401886e+00
6.606077625847779633e-02 6.646968386304463305e-05 2.655649241146711503e+01 5.471205322780878788e+00
6.629499012582010242e-02 6.873985157622226514e-05 2.621172638436481961e+01 5.057436762485739479e+00
6.652802461243248477e-02 6.667147267887053093e-05 2.573109243697479087e+01 5.074024455205327300e+00
6.676018753795931460e-02 6.790988101603729471e-05 2.588341543513957177e+01 5.108447222349512096e+00
6.699409877892320564e-02 6.752760488477305384e-05 2.504926108374384341e+01 4.999436984487138247e+00
6.722746570366622265e-02 6.715296906548569008e-05 2.458292282430213405e+01 4.837362340925137616e+00
6.746032149556230317e-02 6.698676487551811836e-05 2.456105610561056096e+01 4.919115066414934567e+00
6.769235389026706518e-02 6.820371575645631246e-05 2.378175895765472347e+01 4.859011819498388896e+00
6.792641117254087646e-02 6.820173351531172944e-05 2.329430894308942968e+01 4.744020522283157071e+00
6.816107073590284282e-02 6.878058967958357989e-05 2.305929487179487225e+01 4.785103987130569614e+00
6.839600153518463066e-02 6.745423942297350728e-05 2.279902755267422876e+01 4.814867312309312197e+00
6.862947544649959652e-02 6.741836193410811529e-05 2.253559870550161648e+01 4.615692318381760195e+00
6.886076050521675040e-02 6.695139243677821319e-05 2.202283849918433845e+01 4.702521467873218342e+00
6.909448405671331228e-02 6.857937925099385861e-05 2.159618441971383263e+01 4.745850338187605821e+00
6.933147198058889349e-02 6.945851940459737387e-05 2.121752738654146953e+01 4.600126081938372913e+00
6.956615814272766596e-02 6.659838482515636180e-05 2.087804878048780566e+01 4.603415435351698726e+00
6.979892421020185422e-02 6.845449894488580623e-05 2.053385826771653555e+01 4.555615364279856472e+00
7.003324628087082004e-02 6.708437855477542738e-05 2.016134185303514315e+01 4.325580685444246676e+00
7.026696723216839524e-02 6.749325677359571186e-05 2.036392405063291022e+01 4.425662610835209065e+00
7.049943687314187690e-02 6.712218498041330988e-05 1.976198083067092526e+01 4.359136621399539280e+00
7.073256586487845776e-02 6.824893734348157486e-05 1.930141287284144269e+01 4.341293483191546621e+00
7.096739529320396367e-02 6.805665211298504431e-05 1.874374999999999858e+01 4.318332785563776532e+00
7.119963565831700925e-02 6.604383357070072315e-05 1.868429487179487225e+01 4.394688370383168952e+00
7.143251491571993295e-02 6.833023575511234995e-05 1.831733746130030838e+01 4.229167327213573913e+00
7.166748936443330387e-02 6.797747120010720200e-05 1.809345794392523388e+01 4.357556186791071262e+00
7.190239887094113103e-02 6.812567208000406508e-05 1.769612403100775211e+01 4.202645241942938981e+00
7.213564083891418899e-02 6.727815908267241148e-05 1.723906249999999929e+01 3.989764736955049074e+00
7.236775266651256089e-02 6.677609510169290425e-05 1.702351097178683403e+01 4.171419183413947351e+00
7.260248712279285255e-02 6.869830537591529508e-05 1.681060606060606233e+01 4.141829555415785791e+00
7.283623165966979229e-02 6.586822544777081725e-05 1.653228346456693032e+01 3.970882301933980951e+00
7.306707252174290956e-02 6.700747180961246050e-05 1.582015503875969031e+01 3.962803435580213307e+00
7.329949258276330371e-02 6.772475651974369101e-05 1.598003072196620522e+01 3.602934550257200552e+00
7.353390515197159860e-02 6.826447305255654060e-05 1.535114503816793885e+01 3.956748566141580437e+00
7.377004759623378982e-02 6.923659859914002232e-05 1.541704035874439427e+01 3.777848815733987120e+00
7.400585793887086428e-02 6.684871515157072869e-05 1.501533742331288401e+01 3.806045796639855539e+00
7.423882513885866896e-02 6.705699330302101503e-05 1.463414634146341520e+01 3.775892171324619184e+00
7.447179934364664411e-02 6.729631389406922585e-05 1.450607902735562327e+01 3.568475141746303425e+00
7.470386502595725842e-02 6.677743912390293128e-05 1.390461538461538460e+01 3.598288218932562010e+00
7.493684316276932877e-02 6.880723494932199492e-05 1.404754829123328363e+01 3.650505471517697220e+00
7.517114345002372244e-02 6.635401491145231717e-05 1.370642201834862384e+01 3.624445428325161256e+00
7.540400894130300236e-02 6.796181942783490750e-05 1.348955223880597032e+01 3.669746507555675663e+00
7.563888952420828871e-02 6.793007447686484233e-05 1.287034277198211640e+01 3.439186419044413690e+00
7.587212767299332528e-02 6.666720262525264009e-05 1.303793626707131992e+01 3.664845406107619663e+00
7.610444662739059007e-02 6.812128212821508440e-05 1.264444444444444393e+01 3.541355905029954343e+00
7.633840355552658219e-02 6.704448074672975544e-05 1.255639097744360910e+01 3.504817678765677513e+00
7.657294088866806181e-02 6.913426714198188134e-05 1.206259097525473045e+01 3.421052039692082491e+00
7.680909613855584073e-02 6.745120118354667115e-05 1.189644970414201097e+01 3.477452293155824936e+00
7.704345247504407190e-02 6.715677607695802020e-05 1.175147928994082847e+01 3.461111084728198950e+00
7.727476474555629304e-02 6.635027155862049334e-05 1.144827586206896619e+01 3.138581740529339914e+00
7.750787862388756888e-02 6.818542687846034010e-05 1.123684210526315752e+01 3.394799174367678418e+00
7.774237043501058819e-02 6.813069542586966778e-05 1.095182481751824888e+01 3.243491415170628667e+00
7.797665167592943147e-02 6.707760415591992138e-05 1.067841409691629906e+01 3.218259920864100732e+00
7.821051974065167112e-02 6.733218681971041611e-05 1.050218978102189737e+01 3.117585839606203724e+00
7.844387394979719652e-02 6.745944882601931131e-05 1.036204379562043876e+01 3.189530130940565034e+00
7.867743152837132492e-02 6.749240172701480983e-05 1.007153284671532845e+01 3.159868431003427069e+00
7.890970530980039033e-02 6.748164380015466649e-05 9.881924198250729319e+00 3.018726244679315940e+00
7.914414745391105954e-02 6.806851035759457725e-05 9.606321839080459668e+00 3.059688424559565245e+00
7.937949292746850072e-02 6.797541296510754361e-05 9.551724137931033809e+00 3.067649530583488104e+00
7.961030015032465046e-02 6.738864298828837172e-05 9.342424242424241854e+00 3.083670222083983337e+00
7.984598519055025045e-02 6.790561728139939753e-05 9.213395638629283013e+00 3.150181271831736129e+00
8.007687882222253029e-02 6.447056716295559542e-05 9.094276094276093403e+00 3.002191908239212559e+00
8.030494588125068611e-02 6.608834776223229527e-05 8.988175675675675436e+00 3.052442919925125508e+00
8.054004005809645150e-02 6.984151446891397389e-05 8.561576354679802492e+00 3.070197455996634517e+00
8.077714850029885096e-02 6.767392876517773568e-05 8.556131260794472837e+00 3.037327325179971282e+00
8.101269351174554545e-02 6.824941035471516354e-05 8.252595155709341768e+00 2.995201959681028203e+00
8.124499042027705231e-02 6.566391543360840461e-05 8.098720292504570040e+00 2.800093960455743325e+00
8.147763778805076906e-02 6.850612538316699495e-05 7.921428571428571708e+00 2.874911267486069733e+00
8.171370565696982335e-02 6.843303816104012401e-05 7.660036166365280508e+00 2.805879526891137399e+00
8.194644813657113447e-02 6.527704147071792412e-05 7.639312977099236512e+00 2.721300439033247365e+00
8.217941383646631959e-02 6.844304487629756508e-05 7.409594095940959413e+00 2.612939595529113923e+00
8.241354877640369447e-02 6.643977738405588268e-05 7.119922630560928667e+00 2.575620230851238812e+00
8.264613760478992099e-02 6.785385497585561844e-05 7.213051823416506636e+00 2.541239250420456397e+00
8.288072046378301694e-02 6.777539431253258432e-05 6.949709864603481613e+00 2.620275860071030305e+00
8.311212554025591837e-02 6.484000319727093505e-05 6.657142857142857473e+00 2.467361286904821149e+00
8.334638570633212673e-02 7.022221827522090226e-05 6.720306513409961546e+00 2.586394203519369661e+00
8.358704646049577858e-02 6.663645268385280900e-05 6.574144486692015121e+00 2.579969091359092026e+00
8.382143415227705230e-02 6.846312793730281276e-05 6.277486910994764635e+00 2.540134070496217422e+00
8.405591962697228636e-02 6.576640212805385805e-05 6.311733800350262769e+00 2.499324993755275948e+00
8.428680641257924044e-02 6.623286801922068177e-05 5.924528301886792470e+00 2.440581635532740545e+00
8.452023012686848968e-02 6.905229191131505512e-05 5.898222940226171218e+00 2.446350441311202051e+00
8.475508438648238219e-02 6.596024294369417270e-05 5.599009900990099098e+00 2.424149136510006297e+00
8.498773362002838561e-02 6.745598113771460842e-05 5.481774960380348283e+00 2.350109478181179323e+00
8.522017358652922425e-02 6.573424789204848628e-05 5.500802568218298383e+00 2.348883960694773343e+00
8.545345635918015492e-02 6.827530828384012593e-05 5.300613496932514934e+00 2.293087895897159889e+00
8.568838710074284937e-02 6.739557208403640777e-05 5.247706422018348249e+00 2.303805940946377362e+00
8.591990562469611903e-02 6.499275358868887781e-05 4.987519500780031478e+00 2.082872609672343334e+00
8.615047449966896365e-02 6.728541472914020762e-05 4.947604790419161347e+00 2.268672939159122937e+00
8.638537494001211070e-02 6.792206805344957186e-05 4.701030927835051720e+00 2.130848638314902121e+00
8.662074503924638291e-02 6.782280238804023608e-05 4.668128654970760572e+00 2.175868897266026281e+00
8.685381778459443092e-02 6.674020065135433848e-05 4.492668621700879328e+00 1.973042670066598170e+00
8.708770284767913816e-02 6.753597429739365476e-05 4.546762589928057707e+00 2.082049688215318106e+00
8.732212221979428202e-02 6.822332096859763445e-05 4.180397727272727515e+00 1.958471504525724161e+00
8.755723433992959603e-02 6.741755499607516103e-05 4.348074179743224299e+00 2.109491482395054796e+00
8.779078654295230377e-02 6.688902566296500132e-05 4.084406294706723450e+00 1.955917778458529099e+00
8.802385785273660057e-02 6.732631344927013264e-05 4.128895184135977559e+00 2.014606518434467475e+00
8.825920820130851718e-02 6.779425408112107370e-05 3.914325842696629199e+00 1.979419462279421005e+00
8.849234674886145846e-02 6.696150027325509799e-05 3.885106382978723349e+00 1.950296839892321499e+00
8.872137438766081186e-02 6.623799103067982519e-05 3.791916167664670656e+00 1.952991051468323080e+00
8.895429543332857014e-02 6.738487815592646569e-05 3.591397849462365510e+00 1.884084536428579870e+00
8.918772016087560262e-02 6.684333251713010609e-05 3.424242424242424310e+00 1.791605339661412000e+00
8.942216213337644826e-02 6.785239281137156507e-05 3.346215780998389899e+00 1.867559234010638614e+00
8.965567864572877854e-02 6.700437258479202294e-05 3.372712146422629065e+00 1.887821196722543560e+00
8.988740917090436156e-02 6.600763457825628208e-05 3.231560891938250357e+00 1.749771286441365925e+00
9.011975323533148730e-02 6.773804127286482647e-05 3.172881355932203551e+00 1.807488651557708437e+00
9.035608288166475932e-02 6.874767433980949428e-05 3.058922558922558821e+00 1.701651323646256708e+00
9.059423529262686237e-02 6.860051062213127538e-05 2.920608108108107892e+00 1.752502645441381901e+00
9.082806409944925441e-02 6.591920751229069322e-05 2.982394366197183011e+00 1.697557450970474280e+00
9.105979902993641129e-02 6.679468897932259346e-05 2.833916083916083739e+00 1.746152585899828802e+00
9.129435639159146076e-02 6.847518630411293563e-05 2.780445969125214578e+00 1.673462290511881445e+00
9.152650281439915492e-02 6.468590151769530185e-05 2.640653357531760559e+00 1.542789574103208494e+00
9.175728164276017451e-02 6.760337681272159235e-05 2.689354275741710154e+00 1.568335460784084701e+00
9.199104812749678284e-02 6.693583434796843623e-05 2.461811722912966349e+00 1.516276853065779306e+00
9.222507569997025201e-02 6.793803912847704170e-05 2.365079365079365115e+00 1.469137919716626772e+00
9.246186654200068411e-02 6.944239987391782215e-05 2.252158894645941434e+00 1.528902300909938061e+00
9.269596921447360860e-02 6.487594269754672440e-05 2.410681399631676047e+00 1.521986639892288551e+00
9.292703616442406223e-02 6.779858569529950100e-05 2.296819787985865613e+00 1.527388990955877324e+00
9.316059594520455234e-02 6.613368773353799079e-05 2.138433515482695668e+00 1.543313615247050130e+00
9.339538772676710121e-02 6.900293928083786957e-05 2.133333333333333304e+00 1.478500900331378709e+00
9.363035783291058511e-02 6.644185014357123227e-05 2.153005464480874487e+00 1.411183891388815059e+00
9.386245806937851266e-02 6.674446860279308080e-05 1.992766726943942190e+00 1.385773645327577963e+00
9.409440198891941276e-02 6.727128699980994470e-05 1.947935368043087978e+00 1.368692033796331087e+00
9.432822867807295897e-02 6.787030890533636790e-05 1.912966252220248631e+00 1.362168572371916797e+00
9.456450311453787339e-02 6.856686819874252005e-05 1.864111498257839727e+00 1.371222913817063960e+00
9.479870037226469093e-02 6.586042330461264486e-05 1.758992805755395628e+00 1.288761625195792071e+00
9.503065075680132423e-02 6.692670173723798215e-05 1.742451154529307322e+00 1.356124105933893098e+00
9.526552764507723037e-02 6.873817835408579122e-05 1.706086956521739140e+00 1.339068321540858530e+00
9.549948238481764662e-02 6.592497101293757838e-05 1.749546279491833056e+00 1.364035683020866196e+00
9.573145469357186021e-02 6.763779021303956466e-05 1.664902998236331477e+00 1.345183105926901934e+00
9.596344353397949500e-02 6.508803650637630216e-05 1.461538461538461453e+00 1.236764245447193433e+00
9.619719815228761073e-02 6.891878545311372979e-05 1.600349040139616097e+00 1.201424604660779716e+00
9.643338477973723011e-02 6.764486940942661787e-05 1.529411764705882248e+00 1.214363031207466470e+00
9.666686513379581236e-02 6.634527000553854632e-05 1.459165154264972841e+00 1.233449695310871785e+00
9.689804830612920583e-02 6.673844817570089385e-05 1.435018050541516210e+00 1.204381042908062804e+00
9.713211530402467153e-02 6.751532973417066546e-05 1.417562724014336917e+00 1.204178394502307015e+00
9.736750905795905908e-02 6.828413715794354373e-05 1.418149466192170749e+00 1.225582166053815092e+00
9.760254220852407347e-02 6.723724816253193984e-05 1.385585585585585644e+00 1.175477875045381593e+00
9.783729966421263191e-02 6.713292727370104079e-05 1.435018050541516210e+00 1.251422055990817350e+00
9.807012441261567237e-02 6.702921340280121982e-05 1.316363636363636402e+00 1.155437021539382991e+00
9.830432198494945539e-02 6.771531372861528232e-05 1.254054054054054124e+00 1.126608905523289961e+00
9.853663875749650580e-02 6.592920559052215760e-05 1.243542435424354275e+00 1.163002810325700409e+00
9.876785373964377945e-02 6.639572360800846391e-05 1.224862888482632473e+00 1.134925625219925349e+00
9.900171307164255807e-02 6.725503490443550815e-05 1.296363636363636385e+00 1.121678199605874227e+00
9.923465994738583928e-02 6.748068345197972770e-05 1.295620437956204407e+00 1.178738894869975073e+00
9.947119774122156755e-02 6.881988242762419612e-05 1.237924865831842469e+00 1.167994410956402440e+00
9.970633280334199877e-02 6.694105292138958260e-05 1.110091743119266061e+00 1.078994254056143021e+00
9.993728249839414768e-02 6.534832822620718473e-05 1.082397003745318331e+00 1.023558572522258903e+00
1.001703666773564594e-01 6.807110521762425154e-05 1.184115523465703923e+00 1.095119079401197348e+00
1.004042664217037195e-01 6.656925648346958700e-05 1.066666666666666652e+00 1.082407011374004524e+00
1.006397678263622197e-01 6.842954627529723277e-05 1.082882882882882924e+00 1.037382595350251124e+00
1.008742614643446667e-01 6.658751459513834290e-05 9.684601113172541798e-01 1.022413277054730507e+00
1.011048192716836602e-01 6.576603880257255797e-05 1.105461393596986808e+00 1.037162236764966217e+00
1.013390231998947122e-01 6.916081345207424958e-05 1.035842293906809930e+00 9.858487931924534431e-01
1.015727676549605663e-01 6.516705286347274908e-05 1.037950664136622292e+00 9.955107367124107487e-01
1.018063810355425147e-01 6.852265857895202593e-05 9.855334538878842698e-01 9.630326206123324129e-01
1.020425928562866541e-01 6.754985595762503701e-05 9.907918968692449591e-01 9.990278436449749888e-01
1.022745336203261940e-01 6.568464132683736977e-05 9.222011385199241351e-01 9.630088519791504265e-01
1.025079986564226969e-01 6.883363629312960503e-05 1.075812274368231014e+00 1.030134140743728555e+00
1.027413231873401389e-01 6.438235018542032870e-05 1.034548944337811971e+00 9.800433496878010464e-01
1.029738054843176154e-01 6.827106302290229681e-05 1.085610200364298672e+00 1.054146060865364554e+00
1.032091814552798248e-01 6.721742881697321279e-05 9.962756052141527041e-01 9.404908053585387950e-01
1.034439824047587719e-01 6.784155240531380992e-05 9.741219963031423346e-01 9.809760030534045994e-01
1.036790446583389369e-01 6.769644679304059084e-05 1.018450184501844991e+00 1.002610934995832759e+00
1.039108473112752701e-01 6.478868293181549987e-05 9.691714836223507268e-01 9.859083379851465434e-01
1.041435991355559865e-01 6.876976636486558856e-05 9.527272727272727559e-01 9.570063516115221436e-01
1.043796853337771446e-01 6.639151268194193886e-05 9.887218045112782239e-01 9.780687705801530685e-01
1.046125879328569097e-01 6.649047237023615630e-05 9.191729323308270860e-01 9.282974238816210644e-01
1.048449497528018554e-01 6.678671360180158550e-05 9.136960600375234609e-01 9.198088091795005861e-01
1.050782436420249349e-01 6.680234379189081782e-05 9.320754716981132226e-01 9.678675182739965299e-01
1.053121578057464591e-01 6.813810244029516923e-05 9.852125693160813658e-01 9.774414081308067104e-01
1.055465828127617189e-01 6.602091647410296903e-05 9.886148007590133124e-01 9.768868800842145372e-01
1.057784850233827734e-01 6.633866725893719138e-05 9.981060606060605522e-01 1.035356229979247589e+00
1.060121054701392146e-01 6.796601729703331872e-05 9.609665427509294089e-01 9.417428910015172017e-01
1.062489964857592228e-01 6.804532742857089987e-05 9.851024208566108165e-01 9.162976285635533458e-01
1.064814477792258851e-01 6.617151051899120408e-05 9.407265774378584799e-01 9.131535617300172714e-01
1.067134525370284776e-01 6.660088521860815184e-05 9.981060606060605522e-01 1.005662200915785398e+00
1.069489685164438514e-01 6.844070374709154171e-05 9.778188539741220486e-01 9.658796811267049698e-01
1.071833396191340243e-01 6.614921031534214753e-05 9.808795411089865635e-01 9.785360694919461588e-01
1.074169666915256866e-01 6.748748480923821868e-05 9.812382739212007765e-01 9.751063068164005365e-01
1.076507130258745892e-01 6.685365476994657339e-05 1.039772727272727293e+00 1.030964304277415922e+00
1.078822248577407661e-01 6.549492787243419399e-05 1.029069767441860517e+00 1.003475571882037176e+00
1.081158030820603549e-01 6.892691260091426855e-05 1.003690036900368954e+00 9.972252185255249257e-01
1.083502519132016478e-01 6.550174513790631484e-05 1.009671179883945946e+00 9.814146376861951904e-01
1.085838887651629364e-01 6.788279140540267611e-05 1.013084112149532645e+00 9.510658018717281781e-01
1.088167529892371671e-01 6.600576014251126192e-05 9.613899613899613561e-01 9.826577203410779004e-01
1.090505526263309127e-01 6.812007346507967362e-05 1.009398496240601517e+00 9.518111011165589774e-01
1.092866482205838569e-01 6.842382848130358576e-05 9.962686567164179552e-01 9.782988642816446978e-01
1.095204794082260541e-01 6.485319910623837047e-05 1.076023391812865437e+00 1.042106794607293718e+00
1.097528862015335477e-01 6.749182814616273797e-05 1.109022556390977465e+00 1.097490057061606850e+00
1.099860225771209649e-01 6.572661825364852677e-05 1.065764023210831635e+00 1.005622287046737728e+00
1.102199794899808571e-01 6.771853003694458301e-05 1.018832391713747620e+00 1.011078472214991919e+00
1.104527673679933375e-01 6.605954367090497955e-05 1.067698259187620957e+00 1.051569940987491014e+00
1.106846995336629863e-01 6.639466551207307780e-05 1.050000000000000044e+00 1.052241197854151267e+00
1.109195593734974006e-01 6.847264593218049594e-05 1.044943820224719211e+00 1.009288595208173822e+00
1.111563010475637298e-01 6.737417664069918785e-05 1.058823529411764719e+00 9.935611435406451752e-01
1.113901732397686445e-01 6.590926552890959188e-05 1.073359073359073435e+00 1.025058350618730740e+00
1.116201801113623215e-01 6.530710990471277541e-05 1.130859375000000000e+00 1.037728966874976733e+00
1.118544392406903287e-01 6.842920462665363923e-05 1.157598499061913699e+00 1.087123443748320817e+00
1.120919882620126512e-01 6.808645466680088396e-05 1.161958568738229669e+00 1.035375712311497498e+00
1.123255119325231172e-01 6.496953905756043762e-05 1.174509803921568674e+00 1.081613842561834016e+00
1.125569423960908616e-01 6.660855058776252613e-05 1.193486590038314255e+00 1.061924932043382563e+00
1.127891651266763745e-01 6.585219533195248219e-05 1.132295719844357951e+00 1.051343578743427321e+00
1.130234059678330849e-01 6.798907267284735661e-05 1.122873345935727851e+00 1.068660014494162258e+00
1.132592717752512051e-01 6.709286710082286605e-05 1.210325047801147136e+00 1.092364049050970287e+00
1.134925261196267493e-01 6.566405257712189627e-05 1.252918287937743180e+00 1.071721351547091139e+00
1.137232837453631684e-01 6.560285114491499190e-05 1.240234375000000000e+00 1.077732180475293733e+00
1.139571109036284086e-01 6.796742105221370610e-05 1.157196969696969724e+00 1.091556652290984086e+00
1.141916071219103018e-01 6.614694266841438333e-05 1.260700389105058328e+00 1.068041999430147770e+00
1.144245089960832934e-01 6.685048664461395486e-05 1.203846153846153788e+00 1.122836512729937342e+00
1.146574952630475680e-01 6.619094374413487093e-05 1.229571984435797738e+00 1.128116157937484765e+00
1.148904160535498264e-01 6.707792820933123690e-05 1.206563706563706484e+00 1.155901632987571537e+00
1.151265174722906764e-01 6.876668888584983865e-05 1.203389830508474478e+00 1.040821499514851478e+00
1.153617816491615961e-01 6.565260628400561250e-05 1.192156862745098023e+00 1.090386497688155432e+00
1.155936763096339220e-01 6.650816827874497729e-05 1.290135396518375277e+00 1.115886534582872125e+00
1.158258315634240476e-01 6.588797587536296874e-05 1.327450980392156810e+00 1.192824245600318189e+00
1.160597319175528663e-01 6.799461765561689208e-05 1.377142857142857224e+00 1.205307988415729170e+00
1.162950314370258531e-01 6.674923210542826858e-05 1.329457364341085190e+00 1.128662604183414242e+00
1.165287100714146457e-01 6.653530395956359987e-05 1.370155038759689914e+00 1.179336417207928367e+00
1.167624675326668082e-01 6.672669288532265567e-05 1.337209302325581328e+00 1.148526854479513748e+00
1.169963813879617426e-01 6.705354536925166775e-05 1.375241779497098582e+00 1.155742818865808541e+00
1.172296699541907350e-01 6.631902832571586392e-05 1.298245614035087758e+00 1.150189972161024921e+00
1.174633317010978645e-01 6.682263370538187562e-05 1.391472868217054293e+00 1.232878048289533179e+00
1.176963758561083428e-01 6.650269296166132736e-05 1.470703125000000000e+00 1.225566872984191757e+00
1.179299254124360069e-01 6.728363660691870959e-05 1.398452611218568675e+00 1.184455423921739747e+00
1.181661083576700799e-01 6.789566897107491888e-05 1.311663479923518061e+00 1.112685858969306496e+00
1.184002669641160965e-01 6.566520377029123803e-05 1.416502946954813380e+00 1.158481051271144091e+00
1.186327021679424165e-01 6.597848618172980106e-05 1.468627450980392046e+00 1.198419438396591818e+00
1.188650719869437794e-01 6.702715015157560143e-05 1.530097087378640808e+00 1.217839557906524872e+00
1.190988067061411609e-01 6.629343627726192692e-05 1.428571428571428603e+00 1.123117192515600937e+00
1.193323897405050432e-01 6.682302270376797710e-05 1.345559845559845646e+00 1.182636890368357285e+00
1.195656510531601519e-01 6.587317906801366991e-05 1.452241715399610111e+00 1.280025100069667632e+00
1.198002489216287991e-01 6.746592986415190997e-05 1.420952380952380967e+00 1.240115567725523116e+00
1.200336589500475559e-01 6.624896294229367234e-05 1.493230174081237926e+00 1.203411925583701025e+00
1.202657768623850848e-01 6.571795768306507403e-05 1.511627906976744207e+00 1.199516908949130212e+00
1.204994510404173019e-01 6.765105501654847969e-05 1.474671669793621076e+00 1.260142893124402752e+00
1.207339951349819807e-01 6.562727713419021691e-05 1.496153846153846168e+00 1.169720924588479649e+00
1.209680956947216668e-01 6.741732215622490954e-05 1.467289719626168276e+00 1.173416498956979082e+00
1.212006880373407286e-01 6.513848631823455568e-05 1.511538461538461497e+00 1.158117095591200574e+00
1.214319994211767589e-01 6.582807741597457144e-05 1.501901140684410718e+00 1.165896903398242257e+00
1.216656057203382851e-01 6.790283688671594779e-05 1.414048059149722647e+00 1.136413987928087010e+00
1.219007843250684425e-01 6.671568653291726767e-05 1.535714285714285809e+00 1.242917637452645829e+00
1.221369572323006136e-01 6.825324584029650993e-05 1.541133455210237591e+00 1.243164587426544010e+00
1.223726009556053707e-01 6.573836356997660114e-05 1.586011342155009496e+00 1.285312180473791033e+00
1.226056442391218609e-01 6.616532013731783344e-05 1.506591337099811634e+00 1.266869981941160184e+00
1.228388051323681396e-01 6.703161226424012367e-05 1.501865671641791078e+00 1.233472830621169747e+00
1.230707296013911628e-01 6.457171094849102578e-05 1.555984555984555984e+00 1.239186768164773689e+00
1.233029183635097059e-01 6.759810128202039419e-05 1.588560885608855999e+00 1.238107738410572312e+00
1.235379854409733719e-01 6.570013406878603220e-05 1.544592030360531387e+00 1.274659369103239959e+00
1.237724597817453503e-01 6.756544521848162354e-05 1.637037037037037068e+00 1.298500771043491708e+00
1.240061498949734248e-01 6.566505030106075010e-05 1.613333333333333286e+00 1.228332202622728131e+00
1.242390821888286201e-01 6.661632460395466447e-05 1.484962406015037484e+00 1.201788033221117935e+00
1.244711632953071079e-01 6.579076840955865762e-05 1.699047619047619140e+00 1.318114505777147061e+00
1.247054517839266963e-01 6.761591240357131126e-05 1.620817843866170893e+00 1.329020978791517704e+00
1.249410059021845570e-01 6.697188855875631079e-05 1.699812382739211980e+00 1.303530919685456091e+00
1.251741761334562164e-01 6.583601426366064431e-05 1.547528517110266177e+00 1.246942508294256680e+00
1.254072382360083560e-01 6.640543300240981869e-05 1.586792452830188660e+00 1.279810082920352921e+00
1.256410482936734796e-01 6.683584359234039823e-05 1.593984962406014949e+00 1.266911715478225675e+00
1.258745257397245465e-01 6.611238233520655145e-05 1.720532319391635090e+00 1.326563059165634995e+00
1.261080103941889519e-01 6.690937462473420770e-05 1.660412757973733555e+00 1.284337107143810552e+00
1.263406670927800235e-01 6.522594346067754308e-05 1.583493282149712078e+00 1.314471011960084867e+00
1.265732414590826360e-01 6.685572305932845820e-05 1.621468926553672363e+00 1.320942940016471390e+00
1.268080548800749052e-01 6.733690508414850442e-05 1.651685393258427004e+00 1.268212024401950577e+00
1.270422367608540493e-01 6.597699196562882616e-05 1.560000000000000053e+00 1.244354872059833195e+00
1.272759152751854195e-01 6.689135984813015558e-05 1.618421052631578982e+00 1.273764988428379485e+00
1.275094590884037760e-01 6.604831116682244026e-05 1.652671755725190872e+00 1.272461498763452159e+00
1.277431018946701968e-01 6.733257125615095616e-05 1.629699248120300759e+00 1.275624902977913644e+00
1.279782552164440979e-01 6.710085433560373114e-05 1.511278195488721776e+00 1.215844340599864903e+00
1.282131041449612319e-01 6.621149459998993162e-05 1.634469696969697017e+00 1.311435081120163382e+00
1.284458066838963242e-01 6.548314267397141550e-05 1.590038314176245304e+00 1.157896624489265225e+00
1.286783609577602794e-01 6.654865817496632442e-05 1.571969696969697017e+00 1.281302841639186951e+00
1.289128241661116614e-01 6.697900382933094643e-05 1.626415094339622724e+00 1.278011872692353945e+00
1.291446660323967432e-01 6.835636986838949068e-05 1.656378600823045222e+00 1.312547553469930683e+00
1.293786085608263359e-01 6.605676840398337884e-05 1.681922196796338698e+00 1.282222315990301009e+00
1.296108774202269776e-01 6.783588626387897994e-05 1.619385342789598115e+00 1.244696005242049708e+00
1.298443923619162221e-01 6.722079102470935436e-05 1.665000000000000036e+00 1.237714627852480653e+00
1.300782666066699345e-01 6.749263575799763530e-05 1.722797927461139800e+00 1.306680896072225817e+00
1.303119143017006376e-01 6.684139813301355590e-05 1.711171662125340553e+00 1.269099712917822309e+00
1.305459241900186751e-01 6.810036271421107158e-05 1.653631284916201150e+00 1.273608245344860723e+00
1.307796783027228849e-01 6.720238230322061351e-05 1.626470588235294112e+00 1.358186761928129593e+00
1.310139024467842916e-01 6.790776888182086793e-05 1.639639639639639546e+00 1.347220914840092210e+00
1.312472894800687517e-01 6.625173267803912932e-05 1.573248407643312197e+00 1.302115543504668294e+00
1.314776668789590652e-01 6.618039329338910079e-05 1.582781456953642474e+00 1.298258187457986823e+00
1.317137024266215872e-01 7.043903276921694031e-05 1.739682539682539719e+00 1.237500874835222309e+00
1.319503540721679857e-01 6.642835643525359449e-05 1.587030716723549562e+00 1.283417137012639264e+00
1.321828723734352895e-01 6.718390404847075217e-05 1.600682593856655345e+00 1.211267558895379182e+00
1.324147834979462757e-01 6.603244305163348776e-05 1.595744680851063801e+00 1.196197637637832489e+00
1.326480411947886795e-01 6.877844789332857034e-05 1.687500000000000000e+00 1.271430870450034778e+00
1.328820802110143862e-01 6.636907368294008079e-05 1.551094890510948954e+00 1.336374557431217136e+00
1.331148138063605602e-01 6.785609440944978998e-05 1.623188405797101552e+00 1.257491727302570528e+00
1.333495643154704868e-01 6.741119029024297674e-05 1.603703703703703631e+00 1.229573849694215903e+00
1.335835372037798285e-01 6.759745300131219899e-05 1.520754716981132182e+00 1.224986105078816001e+00
1.338176466306949530e-01 6.831218422516185137e-05 1.613636363636363535e+00 1.311667550519336034e+00
1.340512797922887300e-01 6.599048480043925120e-05 1.602362204724409489e+00 1.246160947002517450e+00
1.342814461297319739e-01 6.559979566974010292e-05 1.544354838709677491e+00 1.186375021646828287e+00
1.345160483007357966e-01 6.963532972159798605e-05 1.478599221789883345e+00 1.186189817786170275e+00
1.347536796152505323e-01 6.810829448341578071e-05 1.526315789473684292e+00 1.235613999639384453e+00
1.349871276635005723e-01 6.677996814749840085e-05 1.529166666666666563e+00 1.223596134351525588e+00
1.352194676899014514e-01 6.661700689138378795e-05 1.603375527426160296e+00 1.266778823213814631e+00
1.354521481550482465e-01 6.703309091722472405e-05 1.480686695278969900e+00 1.200221325841379416e+00
1.356860453582514059e-01 6.856354300475121723e-05 1.495726495726495742e+00 1.222984043251972963e+00
1.359211357373890650e-01 6.716967141125949588e-05 1.612334801762114633e+00 1.339830019721957921e+00
1.361540064088500035e-01 6.678503458520554067e-05 1.605381165919282482e+00 1.327323960386204815e+00
1.363867967184397567e-01 6.692559243115627019e-05 1.767123287671232834e+00 1.450697220122063147e+00
1.366219029817275776e-01 6.946138516611432591e-05 1.774774774774774855e+00 1.405448717281323701e+00
1.368567259414371073e-01 6.686962625770076724e-05 1.481132075471698117e+00 1.206127555868482748e+00
1.370879062713149799e-01 6.563798020853460155e-05 1.454106280193236733e+00 1.113743992522235660e+00
1.373197126983267125e-01 6.725671536427617889e-05 1.579710144927536142e+00 1.262645204264939869e+00
1.375555620768925402e-01 6.925260661464505163e-05 1.569377990430621983e+00 1.227307702571106995e+00
1.377899351687938978e-01 6.618070308676317348e-05 1.477157360406091469e+00 1.222928924644498316e+00
1.380219266012210066e-01 6.752809196460790695e-05 1.512562814070351758e+00 1.262587189444443370e+00
1.382545611228954419e-01 6.572577943118536358e-05 1.513089005235602080e+00 1.173954623515775619e+00
1.384888270319775960e-01 6.920592491137856391e-05 1.571428571428571397e+00 1.181428201268357014e+00
1.387251204069650523e-01 6.776599831776989474e-05 1.439153439153439074e+00 1.247196682998145123e+00
1.389591668919520073e-01 6.693609892524315735e-05 1.378378378378378288e+00 1.187529554435963197e+00
1.391904057199591371e-01 6.569416018844522961e-05 1.513966480446927276e+00 1.282083347937140738e+00
1.394227790925808841e-01 6.774421325864447493e-05 1.461111111111111027e+00 1.216070376455995694e+00
1.396572113000431603e-01 6.854202640791657957e-05 1.393258426966292207e+00 1.244911369390070188e+00
1.398913498476041517e-01 6.688348527294887597e-05 1.364161849710982644e+00 1.181313967452747304e+00
1.401247906031993506e-01 6.646051683429370267e-05 1.158823529411764808e+00 1.017119890658086945e+00
1.403591895729549288e-01 6.805811419343037823e-05 1.502958579881656709e+00 1.181092361924375167e+00
1.405953485464094266e-01 6.905228462272873535e-05 1.458333333333333259e+00 1.246821355312578206e+00
1.408299829100064793e-01 6.644350311483485528e-05 1.343750000000000000e+00 1.116460646417955838e+00
1.410591665228413116e-01 6.501076246847150089e-05 1.245161290322580605e+00 1.053194931128731859e+00
1.412893301143412494e-01 6.674759269244742439e-05 1.290322580645161255e+00 1.104903459369430241e+00
1.415237124881587039e-01 6.927971403152424041e-05 1.426751592356687803e+00 1.220406100585731846e+00
1.417608398927272528e-01 6.767011984472880734e-05 1.328947368421052655e+00 1.166646055747234900e+00
1.419948711733081126e-01 6.643728084900887214e-05 1.408163265306122458e+00 1.097053466556018542e+00
1.422257950142377936e-01 6.614300048882033553e-05 1.328671328671328755e+00 1.173367393925152768e+00
1.424611599372695714e-01 6.976859826068063314e-05 1.428571428571428603e+00 1.270889589954307120e+00
1.426969880138435620e-01 6.713456917550140600e-05 1.230215827338129397e+00 1.079112709565675621e+00
1.429290483303200521e-01 6.598668785333661462e-05 1.286764705882353033e+00 1.216017309451560724e+00
1.431615992067113707e-01 6.674925674210528508e-05 1.395522388059701413e+00 1.124466161303722567e+00
1.433977864542690939e-01 6.958273395422789138e-05 1.213235294117646967e+00 1.084751976818236763e+00
1.436356797294852938e-01 6.762859419149515740e-05 1.115384615384615419e+00 9.623073848612926362e-01
1.438647788032675900e-01 6.395074090213278628e-05 1.454545454545454586e+00 1.183406434358263315e+00
1.440939223050132778e-01 6.721088340672915884e-05 1.247999999999999998e+00 1.082811156204072311e+00
1.443302270800670972e-01 6.810715064994765275e-05 1.227642276422764134e+00 1.077688200743154745e+00
1.445647386873331885e-01 6.765147823845471715e-05 1.277310924369747802e+00 1.213114785386123273e+00
1.448001674656267668e-01 6.812041505588835896e-05 1.296610169491525522e+00 1.112011668627383987e+00
1.450305141697986189e-01 6.417457142913943864e-05 1.128440366972476960e+00 1.178283136132054043e+00
1.452619539705164164e-01 6.860711380950888425e-05 1.289473684210526327e+00 1.003226558280407188e+00
1.454988966656826088e-01 6.757751339465679083e-05 1.192660550458715552e+00 1.067221329850705391e+00
1.457319267282644326e-01 6.746225896059649557e-05 1.320754716981132004e+00 1.282741368436493890e+00
1.459689564871680389e-01 6.919146774834719811e-05 1.074766355140186924e+00 1.078579177523417032e+00
1.462029517945844237e-01 6.518587451146425451e-05 1.204081632653061229e+00 1.055222430268980327e+00
1.464348845068329241e-01 6.893025110561780433e-05 1.217821782178217793e+00 1.109927045030293158e+00
1.466710325229612644e-01 6.703672746630305742e-05 1.135416666666666741e+00 9.594649116391212873e-01
1.469003469776316018e-01 6.495976429229445050e-05 1.000000000000000000e+00 8.956549571111646069e-01
1.471326263642964982e-01 6.784892292542188277e-05 1.107526881720430012e+00 8.677759117144161483e-01
1.473683745226096187e-01 6.734190408583911583e-05 1.101123595505618002e+00 1.097448579512339872e+00
1.476018743975685277e-01 6.760693685313507080e-05 1.298850574712643757e+00 1.111738493770387359e+00
1.478377306130267688e-01 6.772451548086767131e-05 1.141176470588235237e+00 1.134730125072656692e+00
1.480669483097254435e-01 6.431970194966852195e-05 1.192307692307692291e+00 1.194580133876528727e+00
1.482973419064994303e-01 6.861360276277018620e-05 1.074074074074074181e+00 9.337937332025029180e-01
1.485364113895124294e-01 6.936560494550093024e-05 1.037974683544303778e+00 1.124660571202084736e+00
1.487716162219679672e-01 6.677093946461412058e-05 1.040540540540540571e+00 9.293918304891569671e-01
1.490077522787839059e-01 6.871676643346850033e-05 9.189189189189189699e-01 8.417519731025648877e-01
1.492393961896789634e-01 6.506416229580026540e-05 9.850746268656715987e-01 9.922847843937112611e-01
1.494701913811684602e-01 6.907736733736162202e-05 1.014492753623188470e+00 1.021507836910498623e+00
1.497045353405743462e-01 6.634691779689233710e-05 1.015625000000000000e+00 9.842509842514763907e-01
1.499337638884900847e-01 6.630672807533855592e-05 1.209677419354838745e+00 1.043287847019111148e+00
1.501708286181911156e-01 6.972377942578611605e-05 8.571428571428570953e-01 8.959470343917517177e-01
1.504045133699344061e-01 6.505456575143086920e-05 1.214285714285714191e+00 9.319991679071347734e-01
1.506393971018608890e-01 7.070153912039902559e-05 9.491525423728813804e-01 1.133440915071219468e+00
1.508747560046925229e-01 6.361798606692725948e-05 9.215686274509803377e-01 8.923184512143339520e-01
1.511033451723478305e-01 6.822425875258773191e-05 7.692307692307692735e-01 7.844645405527360671e-01
1.513430592404528541e-01 6.953071659907809779e-05 1.039215686274509887e+00 9.178062539975251344e-01
1.515751618564359637e-01 6.342734358875888579e-05 9.090909090909090606e-01 9.833321660356331151e-01
1.518045724547506525e-01 6.938126820492401424e-05 9.782608695652174058e-01 8.841173655505545348e-01
1.520480234761667215e-01 6.976967995741814512e-05 1.113636363636363535e+00 9.948213012836036873e-01
1.522777008011769462e-01 6.272216552833166940e-05 8.108108108108108558e-01 8.774423286890769003e-01
1.525061322319957446e-01 6.929360622917626303e-05 6.410256410256410797e-01 8.104349040655952630e-01
1.527427011500204213e-01 6.666422581467422144e-05 9.428571428571428381e-01 8.076168014344324853e-01
1.529726548169981215e-01 6.665749530051660659e-05 1.000000000000000000e+00 1.218543591689884797e+00
1.532134048917648539e-01 7.071407902998622368e-05 1.060606060606060552e+00 8.693326235018822290e-01
1.534434790603389775e-01 6.011232516833131041e-05 1.000000000000000000e+00 8.548504142651104365e-01
1.536710418380370924e-01 6.976616835160736295e-05 7.500000000000000000e-01 8.017837257372731896e-01
1.539149550629408947e-01 6.925196045819559246e-05 9.200000000000000400e-01 8.662563131083083068e-01
1.541445478244997391e-01 6.478862577215637321e-05 7.142857142857143016e-01 7.867957924694429783e-01
1.543780235396354228e-01 7.053413531437874686e-05 5.714285714285713969e-01 6.060915267313264909e-01
1.546059873932826012e-01 5.909742656752603256e-05 7.500000000000000000e-01 9.270248108869577619e-01
1.548370283320493757e-01 7.086429496304842972e-05 5.294117647058823595e-01 6.308120761625651829e-01
1.550799786572540917e-01 6.540043890405022008e-05 6.153846153846154188e-01 8.634593969478325803e-01
1.553036635055988490e-01 6.758474544596143726e-05 4.545454545454545303e-01 6.863485850246136000e-01
1.555456416189227586e-01 7.341490814454251594e-05 4.000000000000000222e-01 5.291502622129181654e-01
1.557790343018141677e-01 5.399834121423047510e-05 0.000000000000000000e+00 0.000000000000000000e+00
1.559999688717171595e-01 6.566134794291481655e-05 0.000000000000000000e+00 0.000000000000000000e+00
1.562567987100282052e-01 8.033505465450464550e-05 0.000000000000000000e+00 0.000000000000000000e+00
