# q qerr I(q) I(q)err
3.001749291795529316e-03 1.167853270244704247e-04 2.490000000000000000e+03 1.663825511684844059e+03
3.216946015612575076e-03 6.406021311444656113e-05 4.376086956521739012e+03 1.132439764307911901e+03
3.430819248455692968e-03 7.252053699931147659e-05 4.018482758620689765e+03 7.872541412008524730e+02
3.672101494117159613e-03 7.545375631879780269e-05 3.382010101010101152e+03 4.901710997913963865e+02
3.918307832378639319e-03 7.374016049620304720e-05 2.821028037383177434e+03 3.057554141919852668e+02
4.147718136434350687e-03 6.107192035677698103e-05 2.361526315789473756e+03 2.061779816343232312e+02
4.365502826808959243e-03 6.779080658174564808e-05 2.005981308411214968e+03 1.515690504226711539e+02
4.594999596112334626e-03 7.420628290313399807e-05 1.709804878048780438e+03 1.274889162072568922e+02
4.835936192065706969e-03 7.320149930589021881e-05 1.444849206349206270e+03 9.777870155201632940e+01
5.080814687701338921e-03 7.653000632488168636e-05 1.236166666666666742e+03 8.626582651359734655e+01
5.317078266608570546e-03 6.172106439101172914e-05 1.053138211382113923e+03 6.087864702471672018e+01
5.551471060931053268e-03 7.668524467813574576e-05 9.111543209876542733e+02 6.414260233205193629e+01
5.788366925541485984e-03 6.194770960560404868e-05 7.883629629629629108e+02 4.669820979817009743e+01
6.009776342023025880e-03 6.950277321810145736e-05 6.866516129032257822e+02 4.510531323467246523e+01
6.247094567316056890e-03 7.317752475420629581e-05 6.011111111111110858e+02 4.207623268218230095e+01
6.480842620397410207e-03 6.691741107424957404e-05 5.282641509433962028e+02 3.567155992513619367e+01
6.718305882023165379e-03 7.577205940640407739e-05 4.625510204081632537e+02 3.373100681111463928e+01
6.954283760887284942e-03 6.032943043655961634e-05 4.112883435582822358e+02 2.681277236580745438e+01
7.176272274730767682e-03 6.864708281211200774e-05 3.674734042553191671e+02 2.420659533231835425e+01
7.411440332622126065e-03 7.201436331295212967e-05 3.285450000000000159e+02 2.129790365270723385e+01
7.640547325048651327e-03 6.719666067278881421e-05 2.923085106382978893e+02 2.226752416441613747e+01
7.880909625388352394e-03 7.780078248694467205e-05 2.640000000000000000e+02 2.083795428978216080e+01
8.119534573631228755e-03 6.182975050629921810e-05 2.385445026178010437e+02 1.764156150417483815e+01
8.341212846027333885e-03 7.037901862628595019e-05 2.163196347031963569e+02 1.798222679176071992e+01
8.584257463478678699e-03 7.672081168970473167e-05 1.965219123505976029e+02 1.552188422897229181e+01
8.826919166718070683e-03 6.518131950376178396e-05 1.790684931506849296e+02 1.438115222263644100e+01
9.051576779129599792e-03 7.018745924619574326e-05 1.645166666666666799e+02 1.359173308792272117e+01
9.278754197832399936e-03 6.574873290523112796e-05 1.530484581497797478e+02 1.295799982840226505e+01
9.511181178050998053e-03 7.470724405325664997e-05 1.422425373134328481e+02 1.291092872885480070e+01
9.756331684265373561e-03 7.268311501543828993e-05 1.318851851851851791e+02 1.192683341382812934e+01
9.992460030236703650e-03 6.501341219802315996e-05 1.221984126984126959e+02 1.052100653375166317e+01
1.021767907988490980e-02 6.882116667024825156e-05 1.132022471910112387e+02 1.071319689150914378e+01
1.044627826021552429e-02 6.776641009522302674e-05 1.082424242424242493e+02 1.035336412767998304e+01
1.067941769640304468e-02 7.427835917673683769e-05 1.009130434782608745e+02 9.992413874025109166e+00
1.092103363594707117e-02 6.948634926740279217e-05 9.586301369863014088e+01 9.918569750525550788e+00
1.115205959515964615e-02 6.613677834257579403e-05 9.005653710247349863e+01 9.274599977746683876e+00
1.138090927839274270e-02 7.036315799772670850e-05 8.612171052631579471e+01 8.939235370915149304e+00
1.161908717993895106e-02 7.230519164610463203e-05 8.198734177215189334e+01 8.851434967134283127e+00
1.185129732832000682e-02 6.908715592862023315e-05 7.778896103896103398e+01 8.939746253657167685e+00
1.208558089049110301e-02 7.062077464939989495e-05 7.462996941896024339e+01 8.540039939516779199e+00
1.231793957662911075e-02 6.797072397413507841e-05 7.060759493670886400e+01 8.556578150328874699e+00
1.255104362664789287e-02 7.284146348496770690e-05 6.795114942528735469e+01 7.622207551541692716e+00
1.278854709885444453e-02 6.836902354776895477e-05 6.562951807228915868e+01 8.135720034811356527e+00
1.301955791686103432e-02 7.052250088700313892e-05 6.316761363636363313e+01 7.777494924366954443e+00
1.325028003696187423e-02 6.572913682214379116e-05 6.029819277108433795e+01 7.788966769646394006e+00
1.348330464865910884e-02 7.403947498893654331e-05 5.881052631578947398e+01 7.655608267808544198e+00
1.372355777471481568e-02 7.011324266142941383e-05 5.662397820163487694e+01 7.235383268044381033e+00
1.396363525470880468e-02 7.100822662538032210e-05 5.489175257731958624e+01 7.533489724211884564e+00
1.419611930545690293e-02 6.442105916470620042e-05 5.310955056179775369e+01 7.132737682695554859e+00
1.442295386479172138e-02 6.909816387485589995e-05 5.223684210526315752e+01 7.886517651335091195e+00
1.465427040331478310e-02 7.032050413528805792e-05 5.047826086956521863e+01 6.848384258500237465e+00
1.488826669148199562e-02 6.870854531503662287e-05 4.987594936708860871e+01 6.980043427443596293e+00
1.512493372137564684e-02 7.038106039296808131e-05 4.846715328467153228e+01 6.540678202189208257e+00
1.535996817115549591e-02 6.948886920014566576e-05 4.727696078431372229e+01 6.509604591798257012e+00
1.559107684366512793e-02 6.926322144844645774e-05 4.597749999999999915e+01 6.653716066980918775e+00
1.582030048556574975e-02 6.778990216657608829e-05 4.480361757105943354e+01 6.606292230601237492e+00
1.604934829520379691e-02 6.632072085052491666e-05 4.366492146596858959e+01 6.670002957115674036e+00
1.628904364851086611e-02 7.370425539511840857e-05 4.402850356294536738e+01 6.661066098577181904e+00
1.652925296731121152e-02 6.866669088367037858e-05 4.232731958762886393e+01 6.443201030183495881e+00
1.676290647126136429e-02 6.841736000850834820e-05 4.161381074168797767e+01 6.250994648779544249e+00
1.698898227523908816e-02 6.513545783602395407e-05 4.116981132075471805e+01 6.533239022437059340e+00
1.721559450095504207e-02 6.815141817037284600e-05 4.082428940568475184e+01 6.334939814408371284e+00
1.745425431013439971e-02 7.361591577158020986e-05 4.016389548693586420e+01 6.410327013141504437e+00
1.769237993647997109e-02 6.752629516254465077e-05 3.946373056994818995e+01 6.346933484719526675e+00
1.792581344598703774e-02 6.995690167491317953e-05 3.930864197530863891e+01 5.917900944823681009e+00
1.815810556613557669e-02 6.785108792352181407e-05 3.844757033248081513e+01 5.910050991022998801e+00
1.839232362436072146e-02 7.095327149885457684e-05 3.782151589242053547e+01 6.016641992882017398e+00
1.863037138017983527e-02 7.115596482089993704e-05 3.789712918660286789e+01 5.651453995112836637e+00
1.886280557207787104e-02 6.449751950033663162e-05 3.750391644908616229e+01 6.044493003588637947e+00
1.909573960115521288e-02 7.170118321703184772e-05 3.738461538461538680e+01 6.007168033139697272e+00
1.933100079269604518e-02 6.740791281490355268e-05 3.646717171717171624e+01 6.283102319529564106e+00
1.956643258492160933e-02 7.263834258317552345e-05 3.613364055299539501e+01 5.833397901690344334e+00
1.980140115393233882e-02 6.562685565221032481e-05 3.597994987468671724e+01 5.743868813312312582e+00
2.002553894851007155e-02 6.516318768203393532e-05 3.550505050505050519e+01 6.238624992067877351e+00
2.025791866108470757e-02 7.136486459924699065e-05 3.565675057208238030e+01 5.990108042634604502e+00
2.049506424590396420e-02 6.900197405484374000e-05 3.530548926014319733e+01 5.859981767051103851e+00
2.073118625762118000e-02 7.052247030088847036e-05 3.505963302752293487e+01 5.955397901170492503e+00
2.096357000287297698e-02 6.647394664901699988e-05 3.516183574879227081e+01 5.909813103582435723e+00
2.119430833328746558e-02 6.961349209216719826e-05 3.455373831775700921e+01 5.617545477276900456e+00
2.143145413784678169e-02 7.298555940605846982e-05 3.530196936542669306e+01 5.927281840369870380e+00
2.167047737296409413e-02 6.691391229536730319e-05 3.485245901639343913e+01 5.443892518613272280e+00
2.189928641736541004e-02 6.715504648428360229e-05 3.406293706293705981e+01 5.564909128150903328e+00
2.212935186570120366e-02 6.857374351609249376e-05 3.451936218678815749e+01 6.231323764852254143e+00
2.236393702227972707e-02 6.998460737683496991e-05 3.456053811659192831e+01 6.029528610658194232e+00
2.259777835583483968e-02 6.986464902764970590e-05 3.471460176991150348e+01 6.132190240543223148e+00
2.283319440761695171e-02 6.790936196889400258e-05 3.449327354260089606e+01 5.855887592300216049e+00
2.306264206423920202e-02 6.694360958493462607e-05 3.445227272727272805e+01 5.605891786974909863e+00
2.329708818082978222e-02 7.159338094189254982e-05 3.439915074309978849e+01 5.877258126096303492e+00
2.353543375433993223e-02 6.985578503684801541e-05 3.489106753812636441e+01 5.785084202098458306e+00
2.377007062717483368e-02 7.009305664980517553e-05 3.449466950959488543e+01 5.773945476097416041e+00
2.400302358301376407e-02 6.597292527615178370e-05 3.444044943820225058e+01 5.959811542068051082e+00
2.423507457935474702e-02 7.157919103467260530e-05 3.476859504132231393e+01 5.618897284479569265e+00
2.447096161315339205e-02 6.736211404920262771e-05 3.497167755991285532e+01 6.142747018049278473e+00
2.470427111069508144e-02 6.982655739072169126e-05 3.410810810810810523e+01 5.528321803924530542e+00
2.493809997853204188e-02 6.775469533352249248e-05 3.517270788912579604e+01 6.439845210112825846e+00
2.517118618717203993e-02 6.980743985615223796e-05 3.539574468085106673e+01 5.610360331668045042e+00
2.540636145408604191e-02 6.938193712001703524e-05 3.530222222222221973e+01 5.998925829772455920e+00
2.563827354025385516e-02 6.629623788449823620e-05 3.530607476635513819e+01 5.977412757364300333e+00
2.586948195348701476e-02 6.770189532135148904e-05 3.603464203233256313e+01 6.019313605829883507e+00
2.609745587984336687e-02 6.509333995869156359e-05 3.616666666666666430e+01 6.128692031181849131e+00
2.633484837400032474e-02 7.348807666944635701e-05 3.607709251101321257e+01 5.814378890512305276e+00
2.657557098811626564e-02 6.881179166339853475e-05 3.630476190476190368e+01 5.859322087818533475e+00
2.680365379537597362e-02 6.422825624438124588e-05 3.687500000000000000e+01 6.318451680012523219e+00
2.703234577850367401e-02 6.946685782169436285e-05 3.716152019002375084e+01 5.938756747310453221e+00
2.726970666685900324e-02 6.993093227310868997e-05 3.709976247030878937e+01 6.222881258777865909e+00
2.750750127458209335e-02 6.961999393279447927e-05 3.732142857142856940e+01 6.087639422756293328e+00
2.774064166089718064e-02 6.699331928476430444e-05 3.781592039800995053e+01 6.101584907441122141e+00
2.797286317169397213e-02 6.855334754057274232e-05 3.831862745098039369e+01 6.016907766099124366e+00
2.820747942598401947e-02 7.000105603626221500e-05 3.830097087378640452e+01 6.063775255229427508e+00
2.843871508024181996e-02 6.660692948204320466e-05 3.854871794871795032e+01 6.082156136943685176e+00
2.867376841695860532e-02 7.113061539282546195e-05 3.871800947867298248e+01 6.610375504215446618e+00
2.890771417331186935e-02 6.480505975226419921e-05 3.951047120418848380e+01 5.967400221988731879e+00
2.913907964587559782e-02 7.035121785828480224e-05 4.046078431372549034e+01 6.627673957845488850e+00
2.937603130710666338e-02 7.051255909955699420e-05 4.050738916256157296e+01 6.814571684669886942e+00
2.960814043237767687e-02 6.584026763423021398e-05 4.068241469816273082e+01 5.998086876356039987e+00
2.983961579365264002e-02 6.983920439112704980e-05 4.098777506112469382e+01 6.571020070630043897e+00
3.007086711816524260e-02 6.649470887843013508e-05 4.160160427807486627e+01 6.631887125810816741e+00
3.030849094681176484e-02 7.199344525738288452e-05 4.150781250000000000e+01 6.212697929232986027e+00
3.054989504902336575e-02 6.904743658252054722e-05 4.264066852367687943e+01 6.663685084718157015e+00
3.078165236014722417e-02 6.430462589111944952e-05 4.287423312883435500e+01 6.233866979625549476e+00
3.100904415161786359e-02 6.891371557748558090e-05 4.317994100294985316e+01 6.348577417084622532e+00
3.124378004707335788e-02 6.802347259085625550e-05 4.397560975609756184e+01 6.652475352564507283e+00
3.148005278710188509e-02 6.963790735804129299e-05 4.396396396396396256e+01 6.596370721942173887e+00
3.171371101549351479e-02 6.491098522060580905e-05 4.485389610389610482e+01 6.498571076897673215e+00
3.194253270530488659e-02 6.643720727097939297e-05 4.540327868852458693e+01 6.868029998884234821e+00
3.217772739409639066e-02 7.207253078604244857e-05 4.540740740740740478e+01 6.771315140607823579e+00
3.241258335410790448e-02 6.484611046219248903e-05 4.682578397212543564e+01 6.607490992920650008e+00
3.264445272271138121e-02 7.067815627986795619e-05 4.607692307692308020e+01 6.539385304276767563e+00
3.288009324972624575e-02 6.514072171913584642e-05 4.648070175438596152e+01 6.857349639262974250e+00
3.311251835395861987e-02 6.923154512368420417e-05 4.689795918367347127e+01 6.759683589255485181e+00
3.334620240946842284e-02 6.906008769013418584e-05 4.803125000000000000e+01 6.681428968084264675e+00
3.358123372194379841e-02 6.790165455744005493e-05 4.873571428571428754e+01 6.843969861811765476e+00
3.381409346726198945e-02 6.946853510284985394e-05 4.930633802816901579e+01 6.861213431458995871e+00
3.405235163866184023e-02 6.660978410321308902e-05 5.085314685314685335e+01 7.420130744207776630e+00
3.428443415797702287e-02 7.014504093919582688e-05 5.128301886792452535e+01 7.274019270979048102e+00
3.451790515064617759e-02 6.752790833138901940e-05 5.164873417721518933e+01 7.256960479745125703e+00
3.475058674309065149e-02 6.860561414856442648e-05 5.211926605504586973e+01 7.645123546183978824e+00
3.498255247524993672e-02 6.949851211445105619e-05 5.320298507462686644e+01 7.566106670491354436e+00
3.521787450520567214e-02 6.928285379750772884e-05 5.309064327485380375e+01 7.091977326725642961e+00
3.545148567192742128e-02 6.819735758945621247e-05 5.410526315789473983e+01 7.342561137831171258e+00
3.568299999600531985e-02 6.771859016455015492e-05 5.488405797101449224e+01 7.249237116646618517e+00
3.591626020472690056e-02 6.847219215976182126e-05 5.614814814814814525e+01 7.787864846866635382e+00
3.615098875833893527e-02 7.052968595604587306e-05 5.622865013774104881e+01 7.644341195321069371e+00
3.638614682571900127e-02 6.820923678434241515e-05 5.636158192090395147e+01 7.313419114297404100e+00
3.661805186382561389e-02 6.907515541028400551e-05 5.714876033057851146e+01 7.179922208975546560e+00
3.685317606104113880e-02 6.904996252045599340e-05 5.807336956521739069e+01 7.538144375676577802e+00
3.708883642168768480e-02 6.873622836593106498e-05 5.871621621621621756e+01 7.768251206538636211e+00
3.732239511597464088e-02 6.812675490547725891e-05 5.906504065040650175e+01 7.968349324808106537e+00
3.755463123269808107e-02 6.778877579542675561e-05 5.987500000000000000e+01 8.274194594983379503e+00
3.778670279175407737e-02 6.944847979951479207e-05 6.050663129973474952e+01 8.264965536112718780e+00
3.802298536488796232e-02 7.020534180361206209e-05 6.017662337662337535e+01 7.584702004910206519e+00
3.825885045270431550e-02 6.844491048717255130e-05 6.129133858267716306e+01 8.278605502777514502e+00
3.849029289296715395e-02 6.652498920162236353e-05 6.160799999999999699e+01 8.083725873630301706e+00
3.872248042820892328e-02 6.790361104831614330e-05 6.317098445595854628e+01 7.610989806191780893e+00
3.895386220490307250e-02 6.719082682281010037e-05 6.305804749340369142e+01 7.785003682006935044e+00
3.918674717410664671e-02 7.000314829290660062e-05 6.328607594936708836e+01 7.800674994109406235e+00
3.942407118577949399e-02 7.012279782529274620e-05 6.404714640198511688e+01 7.900144698986450997e+00
3.965683877455637024e-02 6.593437650155711338e-05 6.417402597402598019e+01 7.453320411581636940e+00
3.988742774945142761e-02 6.864886435371258416e-05 6.444665012406947824e+01 7.794515095735363275e+00
4.012278533538721215e-02 6.997066240485112700e-05 6.501207729468599439e+01 8.467892141544101747e+00
4.035757945334737112e-02 6.763234382336403173e-05 6.619306930693069546e+01 8.089709522402358743e+00
4.059262090047784100e-02 7.047756166092368556e-05 6.667757009345794472e+01 8.489160521637442613e+00
4.082512016076288858e-02 6.496092607463988043e-05 6.706549118387908948e+01 8.328785736216660851e+00
4.105717491102069128e-02 7.111181249420595236e-05 6.669476082004555906e+01 8.235402314230613641e+00
4.129381576814993016e-02 6.732684386414472533e-05 6.712142857142856656e+01 8.466731613656303779e+00
4.152473579130346731e-02 6.726668318915885337e-05 6.702358490566037119e+01 7.993922770692430291e+00
4.175787959977999425e-02 6.911235940839533670e-05 6.754109589041095774e+01 8.750773138689028841e+00
4.199237839299468922e-02 6.860112016482474860e-05 6.756221198156681851e+01 8.145902038420144819e+00
4.222717975068539242e-02 7.045110183040372183e-05 6.715929203539822367e+01 7.624148039664683907e+00
4.246249924109424950e-02 6.709506009279194230e-05 6.841876430205950044e+01 8.065632503528769703e+00
4.269335040669582776e-02 6.700621335665329654e-05 6.795671981776764881e+01 8.277385609005516898e+00
4.292717084091476204e-02 6.896437123237502613e-05 6.779424778761061532e+01 8.575750346700159454e+00
4.316007288560289035e-02 6.735835804845247382e-05 6.815717539863325669e+01 7.993777772853125185e+00
4.339440191910803879e-02 7.037245596857638261e-05 6.744372294372294618e+01 8.429678620439645442e+00
4.363144753970988471e-02 6.826143681517027339e-05 6.816407982261641507e+01 7.758840487146691167e+00
4.386107962274469335e-02 6.624164794214468591e-05 6.722477064220183252e+01 8.391126435807768402e+00
4.409573705596323001e-02 7.170940769140793695e-05 6.772746331236896822e+01 8.337269220706094330e+00
4.433534367545302612e-02 6.775590854826653211e-05 6.731359649122806843e+01 8.820265403852561192e+00
4.456682912223779158e-02 6.610492296161660122e-05 6.697098214285713880e+01 8.125630985114325355e+00
4.479780304487864656e-02 6.786442677967826091e-05 6.665645514223194823e+01 8.461228334516457394e+00
4.503013318854280633e-02 6.853635641818868680e-05 6.687363834422657760e+01 7.826766077898763996e+00
4.526436263630335272e-02 6.918514626283685297e-05 6.567023554603854052e+01 7.750787279158032561e+00
4.549984770861909000e-02 6.833630877532204714e-05 6.477516059957173411e+01 7.559920099669914073e+00
4.573057769171592901e-02 6.540293680537103750e-05 6.497995545657015271e+01 8.341513371871343452e+00
4.596282480080345761e-02 6.990247096589263711e-05 6.443723849372385359e+01 8.033410150557635632e+00
4.619732296389236076e-02 6.786250507108923557e-05 6.354761904761905100e+01 7.789158855165020157e+00
4.643258444511101646e-02 7.033191385126720280e-05 6.356082474226803924e+01 7.700718468936876171e+00
4.666845704786030252e-02 6.692058153033048496e-05 6.244181034482758719e+01 7.768314107483855757e+00
4.689934413756127740e-02 6.802189408205146866e-05 6.202547770700636676e+01 7.220476859825521565e+00
4.713438507358027468e-02 6.944147399833233919e-05 6.174793388429752383e+01 7.669166001907322894e+00
4.736795136815064727e-02 6.656957436849283657e-05 6.002141327623126443e+01 7.842372046509629158e+00
4.759859747438226207e-02 6.769763208725077138e-05 5.999789473684210606e+01 8.257053863464566490e+00
4.783274694655795245e-02 6.928267493286968941e-05 5.959381443298968861e+01 7.208611010198468172e+00
4.806634396749334681e-02 6.807281927440189521e-05 5.811924686192468670e+01 7.576433702473427623e+00
4.830248047396420996e-02 6.966332651828869844e-05 5.714112903225806406e+01 7.251704762971449725e+00
4.853643200824572096e-02 6.606102041943429451e-05 5.693023255813953654e+01 7.290067949781017909e+00
4.876414520816241271e-02 6.613248851928526920e-05 5.616135881104033700e+01 7.083352404995729046e+00
4.899792577344610350e-02 7.109046729717630826e-05 5.481980198019802231e+01 7.300267427921033558e+00
4.923470399315162116e-02 6.843725681761876167e-05 5.417489711934156560e+01 7.604188341518281824e+00
4.947209300203903731e-02 7.062440267994869150e-05 5.324461839530332696e+01 7.478300941300394022e+00
4.970767414357019076e-02 6.568520737628115111e-05 5.306889352818371464e+01 6.896762637579986865e+00
4.993955421601320444e-02 6.870069007268534431e-05 5.162925851703406721e+01 7.214998029206907582e+00
5.017343134654914799e-02 6.784437425331957467e-05 5.069898989898990038e+01 6.749013917475631175e+00
5.040364307755263590e-02 6.549987049623397846e-05 4.984407484407484645e+01 7.463723729401773532e+00
5.063525219032424807e-02 6.906177440634427543e-05 4.911264822134387487e+01 7.191850309119629969e+00
5.087248401921887209e-02 6.982607771126056830e-05 4.864705882352941302e+01 7.175273124139435410e+00
5.110824603904627617e-02 6.828347019243583200e-05 4.750299401197604965e+01 7.044023032686505204e+00
5.134041616444540157e-02 6.749734166748146504e-05 4.659400000000000119e+01 6.475056138752774082e+00
5.157233759481640728e-02 6.701141620730611365e-05 4.578557114228456726e+01 6.927891072769966740e+00
5.180603234918396832e-02 6.902301690403682475e-05 4.492787524366471530e+01 6.693114098372946685e+00
5.204093912643181080e-02 6.858285367200194556e-05 4.360117878192534135e+01 6.731686277634791438e+00
5.227550176404114485e-02 6.841128413638082530e-05 4.354970760233918270e+01 6.802781818868800734e+00
5.250874134631969281e-02 6.710124584087647154e-05 4.277514792899408036e+01 6.244072852130305940e+00
5.273983379343173683e-02 6.699865505256583098e-05 4.166998011928429690e+01 6.542548715726542952e+00
5.297309563147201833e-02 7.004200559247158596e-05 4.097722960151802596e+01 6.315052945885362590e+00
5.320870841843343413e-02 6.736639692893721994e-05 3.999217221135029376e+01 5.820195768937743708e+00
5.344158726524587955e-02 6.810737650478912789e-05 3.958381502890173209e+01 6.380619720518101445e+00
5.367526270033567970e-02 6.805918753122887452e-05 3.873410404624277703e+01 6.154723183159838129e+00
5.391026527670270824e-02 6.883326900963864436e-05 3.752661596958174783e+01 6.227110785170747675e+00
5.414369868353056253e-02 6.749358219613563344e-05 3.689788053949903457e+01 6.096286742002757997e+00
5.437486949081267451e-02 6.641570492905651368e-05 3.610894941634241206e+01 6.111481791906429706e+00
5.460633195359332337e-02 6.803263502740879241e-05 3.525475285171102513e+01 5.869803805273228647e+00
5.484155575107002578e-02 6.931669974032373370e-05 3.495692883895131331e+01 5.755792765536564382e+00
5.507758596231705078e-02 6.905344121730599505e-05 3.384803001876172601e+01 5.657938430421111775e+00
5.531123208233620220e-02 6.772891677133621323e-05 3.317424242424242209e+01 5.778936402645546977e+00
5.554365515600671876e-02 6.719762712666427933e-05 3.259619047619047905e+01 5.986809082741596733e+00
5.577734969999190856e-02 6.950070055363419556e-05 3.224125230202578507e+01 5.689581639090521392e+00
5.601099427749139242e-02 6.700515619549475674e-05 3.171428571428571530e+01 5.754146685793878113e+00
5.624621814925619134e-02 7.010497752434535551e-05 3.113357400722021495e+01 5.723983537761516693e+00
5.648196424828423601e-02 6.688681858197991978e-05 3.039924670433144982e+01 5.662803426455671030e+00
5.671540211382259528e-02 6.857993554508776460e-05 2.957826887661141768e+01 5.189946692370862813e+00
5.695057597478152267e-02 6.911508132478911160e-05 2.940181818181818230e+01 5.175396339675568669e+00
5.718334936048233286e-02 6.546013463055807180e-05 2.802277039848197404e+01 5.175066028347330871e+00
5.741421041024297178e-02 6.793445858109002969e-05 2.769890510948905060e+01 4.927025547411462369e+00
5.764613918380164653e-02 6.637197386990278968e-05 2.759550561797752977e+01 5.186092161582656956e+00
5.788167249397389164e-02 7.061552392955100337e-05 2.693661971830985991e+01 5.171811280225741214e+00
5.811737136754223376e-02 6.704761694123777174e-05 2.617929759704251325e+01 4.884202046555650156e+00
5.834837921127641880e-02 6.699294913716081861e-05 2.540073529411764852e+01 5.274459904253172127e+00
5.858116591208732682e-02 6.832957605342608631e-05 2.501079136690647431e+01 5.079041794006192490e+00
5.881666226357543104e-02 6.848621822711322728e-05 2.478890876565295187e+01 4.997652426190740016e+00
5.905135363872197202e-02 6.777347974127791586e-05 2.429963898916967580e+01 4.627761068078775963e+00
5.928387195222793726e-02 6.772469370990553635e-05 2.373741007194244546e+01 4.745956112891856371e+00
5.951647621897535045e-02 6.683838279782646321e-05 2.335208711433756790e+01 4.790160663040077260e+00
5.974911582084686118e-02 6.869520850335110538e-05 2.289203539823008882e+01 4.733481981799253724e+00
5.998323909506843993e-02 6.775808722689177679e-05 2.267799642218246703e+01 4.737985908530812473e+00
6.021684065425213228e-02 6.821508261215899929e-05 2.223362831858407063e+01 4.755880326699337246e+00
6.045118304879574384e-02 6.844978444519072473e-05 2.180809859154929597e+01 4.607077157863135319e+00
6.068596061100132305e-02 6.815720570038588807e-05 2.124381625441696286e+01 4.609407566607335305e+00
6.092170969789185986e-02 6.974114108008298168e-05 2.080274442538593505e+01 4.103949140493966752e+00
6.115588848048909842e-02 6.553171796432443320e-05 2.062635379061371665e+01 4.236740110763346223e+00
6.138574783689496051e-02 6.713556217832948266e-05 2.035149384885764334e+01 4.405231895868244152e+00
6.161712726612254831e-02 6.659023579644488087e-05 1.968561278863232644e+01 4.598061039412249862e+00
6.184947732418764887e-02 6.842032557768410134e-05 1.939514731369150624e+01 4.213394001487552387e+00
6.208512874242018420e-02 6.932646695378516153e-05 1.905982905982905962e+01 4.203369794259360859e+00
6.232030440033373142e-02 6.786811594346220963e-05 1.879094076655052348e+01 4.322718494074248241e+00
6.255454887890503357e-02 6.903232039090102389e-05 1.822657580919931775e+01 4.091186353682123134e+00
6.279030404341265359e-02 6.817541082358109035e-05 1.816494845360824684e+01 4.330886812060365187e+00
6.302442562177140717e-02 6.783890935135950873e-05 1.800342465753424648e+01 4.342762159842083136e+00
6.325799215551787535e-02 6.707804214318665616e-05 1.737349397590361377e+01 4.002435854971071905e+00
6.349026508375751887e-02 6.699336420408434482e-05 1.713816925734024110e+01 3.924610060312962556e+00
6.372409184272515015e-02 6.892879157383024775e-05 1.718257956448911372e+01 3.979487060503593465e+00
6.395793742953777283e-02 6.642518885272369008e-05 1.690467937608318749e+01 4.155692269767619074e+00
6.419031457975818422e-02 6.826620328541081642e-05 1.628810720268006662e+01 3.867299160207574804e+00
6.442283327309653029e-02 6.576027226970875277e-05 1.583882149046793764e+01 3.900373092429178623e+00
6.465485140213383941e-02 6.860083938040020173e-05 1.580769230769230838e+01 3.898094103312726766e+00
6.489057688868674068e-02 6.918162283112673440e-05 1.548841059602649040e+01 4.021961088980335219e+00
6.512677614053768993e-02 6.800662934234975800e-05 1.530150753768844218e+01 3.927532449298295258e+00
6.535916383847417688e-02 6.723036061670840198e-05 1.509274873524451976e+01 3.703831380376412685e+00
6.559238943166004199e-02 6.775429361515336514e-05 1.489166666666666750e+01 3.667162845216084044e+00
6.582758612999557724e-02 6.859118299963685495e-05 1.443678160919540154e+01 3.749603782804048713e+00
6.606077625847779633e-02 6.646968386304463305e-05 1.444350758853288319e+01 3.757578292413366938e+00
6.629499012582010242e-02 6.873985157622226514e-05 1.402605863192182412e+01 3.587802608540785254e+00
6.652802461243248477e-02 6.667147267887053093e-05 1.392268907563025238e+01 3.665502679492828708e+00
6.676018753795931460e-02 6.790988101603729471e-05 1.342692939244663464e+01 3.485938275512580287e+00
6.699409877892320564e-02 6.752760488477305384e-05 1.360591133004926157e+01 3.643160501673712748e+00
6.722746570366622265e-02 6.715296906548569008e-05 1.309523809523809490e+01 3.730135438793463543e+00
6.746032149556230317e-02 6.698676487551811836e-05 1.277062706270627146e+01 3.472638877505477950e+00
6.769235389026706518e-02 6.820371575645631246e-05 1.256188925081433183e+01 3.381717009322313228e+00
6.792641117254087646e-02 6.820173351531172944e-05 1.266178861788617915e+01 3.420719702987017552e+00
6.816107073590284282e-02 6.878058967958357989e-05 1.219711538461538503e+01 3.494719442142664612e+00
6.839600153518463066e-02 6.745423942297350728e-05 1.223824959481361496e+01 3.436908914062334564e+00
6.862947544649959652e-02 6.741836193410811529e-05 1.182200647249190872e+01 3.364636844863058585e+00
6.886076050521675040e-02 6.695139243677821319e-05 1.160032626427406122e+01 3.579140277217288890e+00
6.909448405671331228e-02 6.857937925099385861e-05 1.148966613672495996e+01 3.660182455255998057e+00
6.933147198058889349e-02 6.945851940459737387e-05 1.128794992175273926e+01 3.272282507365666948e+00
6.956615814272766596e-02 6.659838482515636180e-05 1.105853658536585371e+01 3.413733911528403553e+00
6.979892421020185422e-02 6.845449894488580623e-05 1.090236220472440998e+01 3.285580239482064346e+00
7.003324628087082004e-02 6.708437855477542738e-05 1.067891373801916899e+01 3.137717719004237349e+00
7.026696723216839524e-02 6.749325677359571186e-05 1.066455696202531733e+01 3.066135631426442743e+00
7.049943687314187690e-02 6.712218498041330988e-05 1.045686900958466481e+01 3.206869705855365016e+00
7.073256586487845776e-02 6.824893734348157486e-05 1.023233908948194681e+01 3.171657786451458794e+00
7.096739529320396367e-02 6.805665211298504431e-05 1.002656250000000071e+01 3.020392927666863070e+00
7.119963565831700925e-02 6.604383357070072315e-05 9.881410256410257276e+00 3.304791046487923989e+00
7.143251491571993295e-02 6.833023575511234995e-05 9.848297213622290158e+00 3.102725612962287105e+00
7.166748936443330387e-02 6.797747120010720200e-05 9.616822429906541458e+00 3.167532708313375966e+00
7.190239887094113103e-02 6.812567208000406508e-05 9.372093023255814614e+00 3.143115959365542000e+00
7.213564083891418899e-02 6.727815908267241148e-05 9.406250000000000000e+00 2.974837508692701693e+00
7.236775266651256089e-02 6.677609510169290425e-05 9.228840125391849725e+00 2.880541730500884245e+00
7.260248712279285255e-02 6.869830537591529508e-05 8.818181818181818343e+00 2.777888886666755486e+00
7.283623165966979229e-02 6.586822544777081725e-05 8.738582677165354085e+00 2.972669021859349225e+00
7.306707252174290956e-02 6.700747180961246050e-05 8.589147286821704697e+00 2.843382955743887219e+00
7.329949258276330371e-02 6.772475651974369101e-05 8.517665130568357057e+00 2.733156634016079778e+00
7.353390515197159860e-02 6.826447305255654060e-05 8.325190839694656120e+00 2.747951226270479275e+00
7.377004759623378982e-02 6.923659859914002232e-05 8.173393124065770010e+00 3.068247088390161359e+00
7.400585793887086428e-02 6.684871515157072869e-05 8.000000000000000000e+00 2.797895791285962996e+00
7.423882513885866896e-02 6.705699330302101503e-05 7.800304878048780921e+00 2.670594230229334620e+00
7.447179934364664411e-02 6.729631389406922585e-05 7.905775075987842015e+00 2.779665586856202797e+00
7.470386502595725842e-02 6.677743912390293128e-05 7.670769230769230340e+00 2.687639909664920612e+00
7.493684316276932877e-02 6.880723494932199492e-05 7.410104011887073128e+00 2.647778343930997647e+00
7.517114345002372244e-02 6.635401491145231717e-05 7.362385321100917146e+00 2.664317695623268367e+00
7.540400894130300236e-02 6.796181942783490750e-05 7.229850746268656536e+00 2.556768259749214067e+00
7.563888952420828871e-02 6.793007447686484233e-05 7.078986587183308643e+00 2.618828049700733906e+00
7.587212767299332528e-02 6.666720262525264009e-05 6.960546282245826610e+00 2.595646743613958307e+00
7.610444662739059007e-02 6.812128212821508440e-05 6.965925925925925632e+00 2.561591583435817387e+00
7.633840355552658219e-02 6.704448074672975544e-05 6.676691729323308344e+00 2.484891311985638396e+00
7.657294088866806181e-02 6.913426714198188134e-05 6.608442503639009757e+00 2.595562071821649219e+00
7.680909613855584073e-02 6.745120118354667115e-05 6.516272189349112232e+00 2.452910744698904022e+00
7.704345247504407190e-02 6.715677607695802020e-05 6.313609467455621349e+00 2.442180009493065018e+00
7.727476474555629304e-02 6.635027155862049334e-05 6.208395802098950256e+00 2.493842906588971786e+00
7.750787862388756888e-02 6.818542687846034010e-05 6.152046783625730875e+00 2.379351716859908983e+00
7.774237043501058819e-02 6.813069542586966778e-05 5.894890510948904705e+00 2.447798655696797887e+00
7.797665167592943147e-02 6.707760415591992138e-05 5.861967694566813769e+00 2.371789330230525739e+00
7.821051974065167112e-02 6.733218681971041611e-05 5.835036496350364921e+00 2.485635861482724085e+00
7.844387394979719652e-02 6.745944882601931131e-05 5.684671532846715003e+00 2.424803016343738626e+00
7.867743152837132492e-02 6.749240172701480983e-05 5.383941605839416056e+00 2.254406002097243622e+00
7.890970530980039033e-02 6.748164380015466649e-05 5.319241982507288746e+00 2.391190478910775408e+00
7.914414745391105954e-02 6.806851035759457725e-05 5.408045977011494365e+00 2.272247288942372823e+00
7.937949292746850072e-02 6.797541296510754361e-05 5.208333333333333037e+00 2.326138332135447850e+00
7.961030015032465046e-02 6.738864298828837172e-05 5.053030303030302761e+00 2.422807340386720298e+00
7.984598519055025045e-02 6.790561728139939753e-05 4.942367601246106190e+00 2.267819697860750328e+00
8.007687882222253029e-02 6.447056716295559542e-05 5.040404040404040664e+00 2.227041758716823416e+00
8.030494588125068611e-02 6.608834776223229527e-05 4.712837837837837718e+00 2.163071229924435457e+00
8.054004005809645150e-02 6.984151446891397389e-05 4.630541871921182384e+00 2.114343253631644881e+00
8.077714850029885096e-02 6.767392876517773568e-05 4.594127806563039762e+00 2.164326155410242869e+00
8.101269351174554545e-02 6.824941035471516354e-05 4.344290657439445980e+00 1.995163030614744537e+00
8.124499042027705231e-02 6.566391543360840461e-05 4.535648994515539378e+00 2.231808644075174541e+00
8.147763778805076906e-02 6.850612538316699495e-05 4.221428571428571530e+00 1.968848596494501280e+00
8.171370565696982335e-02 6.843303816104012401e-05 4.320072332730561016e+00 2.123095793749865123e+00
8.194644813657113447e-02 6.527704147071792412e-05 4.166030534351144787e+00 2.063274547622306887e+00
8.217941383646631959e-02 6.844304487629756508e-05 4.003690036900368732e+00 1.975867463268790480e+00
8.241354877640369447e-02 6.643977738405588268e-05 4.058027079303674789e+00 2.048879117400042027e+00
8.264613760478992099e-02 6.785385497585561844e-05 3.809980806142034382e+00 1.919691914168720981e+00
8.288072046378301694e-02 6.777539431253258432e-05 3.852998065764023039e+00 1.979918941673458388e+00
8.311212554025591837e-02 6.484000319727093505e-05 3.759183673469387976e+00 1.967772415672955910e+00
8.334638570633212673e-02 7.022221827522090226e-05 3.555555555555555358e+00 1.881776105490834627e+00
8.358704646049577858e-02 6.663645268385280900e-05 3.634980988593155882e+00 1.937988908410617217e+00
8.382143415227705230e-02 6.846312793730281276e-05 3.349040139616056067e+00 1.759313790258598464e+00
8.405591962697228636e-02 6.576640212805385805e-05 3.301225919439579659e+00 1.742379137099832276e+00
8.428680641257924044e-02 6.623286801922068177e-05 3.382504288164665418e+00 1.792438878211066067e+00
8.452023012686848968e-02 6.905229191131505512e-05 3.227786752827140671e+00 1.732568318991915657e+00
8.475508438648238219e-02 6.596024294369417270e-05 3.262376237623762165e+00 1.724672712269760710e+00
8.498773362002838561e-02 6.745598113771460842e-05 3.003169572107765362e+00 1.661056138941772398e+00
8.522017358652922425e-02 6.573424789204848628e-05 3.011235955056179581e+00 1.813951896710304545e+00
8.545345635918015492e-02 6.827530828384012593e-05 2.943251533742331283e+00 1.809078824618864045e+00
8.568838710074284937e-02 6.739557208403640777e-05 2.944954128440366858e+00 1.691390007394391493e+00
8.591990562469611903e-02 6.499275358868887781e-05 2.920436817472698898e+00 1.736037553651675891e+00
8.615047449966896365e-02 6.728541472914020762e-05 2.748502994011976064e+00 1.625257697663482492e+00
8.638537494001211070e-02 6.792206805344957186e-05 2.734904270986745267e+00 1.600357872830937112e+00
8.662074503924638291e-02 6.782280238804023608e-05 2.618421052631578760e+00 1.586689110388530999e+00
8.685381778459443092e-02 6.674020065135433848e-05 2.467741935483870996e+00 1.617471536332175219e+00
8.708770284767913816e-02 6.753597429739365476e-05 2.558273381294963844e+00 1.658615267741989419e+00
8.732212221979428202e-02 6.822332096859763445e-05 2.484375000000000000e+00 1.562301123707066752e+00
8.755723433992959603e-02 6.741755499607516103e-05 2.452211126961483689e+00 1.620174733835833880e+00
8.779078654295230377e-02 6.688902566296500132e-05 2.237482117310443552e+00 1.451561958109759409e+00
8.802385785273660057e-02 6.732631344927013264e-05 2.279036827195467296e+00 1.516812662857992988e+00
8.825920820130851718e-02 6.779425408112107370e-05 2.376404494382022392e+00 1.479019945774902700e+00
8.849234674886145846e-02 6.696150027325509799e-05 2.252482269503546242e+00 1.550708206223223362e+00
8.872137438766081186e-02 6.623799103067982519e-05 2.121257485029940160e+00 1.452490840766778923e+00
8.895429543332857014e-02 6.738487815592646569e-05 1.933947772657450104e+00 1.341808911559768669e+00
8.918772016087560262e-02 6.684333251713010609e-05 1.988835725677830846e+00 1.443740648004631755e+00
8.942216213337644826e-02 6.785239281137156507e-05 1.956521739130434812e+00 1.554062054966088180e+00
8.965567864572877854e-02 6.700437258479202294e-05 1.890183028286189781e+00 1.356957950721115358e+00
8.988740917090436156e-02 6.600763457825628208e-05 1.849056603773584939e+00 1.378943611960673277e+00
9.011975323533148730e-02 6.773804127286482647e-05 1.764406779661017000e+00 1.326405202521270921e+00
9.035608288166475932e-02 6.874767433980949428e-05 1.765993265993266004e+00 1.390346138889283489e+00
9.059423529262686237e-02 6.860051062213127538e-05 1.724662162162162060e+00 1.335485407877237574e+00
9.082806409944925441e-02 6.591920751229069322e-05 1.653169014084507005e+00 1.312405237886098197e+00
9.105979902993641129e-02 6.679468897932259346e-05 1.601398601398601462e+00 1.264579506469367454e+00
9.129435639159146076e-02 6.847518630411293563e-05 1.535162950257289882e+00 1.241481659520677461e+00
9.152650281439915492e-02 6.468590151769530185e-05 1.566243194192377564e+00 1.205626830966608276e+00
9.175728164276017451e-02 6.760337681272159235e-05 1.492146596858638707e+00 1.189473027967863805e+00
9.199104812749678284e-02 6.693583434796843623e-05 1.374777975133214980e+00 1.223871956947221173e+00
9.222507569997025201e-02 6.793803912847704170e-05 1.402116402116402094e+00 1.148359443817063230e+00
9.246186654200068411e-02 6.944239987391782215e-05 1.506044905008635526e+00 1.230186589984917145e+00
9.269596921447360860e-02 6.487594269754672440e-05 1.401473296500920895e+00 1.222773689858483115e+00
9.292703616442406223e-02 6.779858569529950100e-05 1.344522968197879864e+00 1.128777555861957715e+00
9.316059594520455234e-02 6.613368773353799079e-05 1.313296903460837939e+00 1.117362746515609295e+00
9.339538772676710121e-02 6.900293928083786957e-05 1.226315789473684248e+00 1.126266600008022589e+00
9.363035783291058511e-02 6.644185014357123227e-05 1.255009107468123775e+00 1.123967839856121476e+00
9.386245806937851266e-02 6.674446860279308080e-05 1.209764918625678032e+00 1.101435061243974278e+00
9.409440198891941276e-02 6.727128699980994470e-05 1.184919210053859917e+00 1.030189050798496542e+00
9.432822867807295897e-02 6.787030890533636790e-05 1.186500888099467188e+00 1.084857757771122477e+00
9.456450311453787339e-02 6.856686819874252005e-05 1.094076655052264702e+00 1.000012140416053796e+00
9.479870037226469093e-02 6.586042330461264486e-05 1.125899280575539674e+00 1.019868228934014631e+00
9.503065075680132423e-02 6.692670173723798215e-05 1.076376554174067524e+00 1.020911187690779487e+00
9.526552764507723037e-02 6.873817835408579122e-05 1.036521739130434883e+00 9.950045359017346547e-01
9.549948238481764662e-02 6.592497101293757838e-05 1.007259528130671544e+00 1.037393618551097241e+00
9.573145469357186021e-02 6.763779021303956466e-05 9.735449735449734909e-01 1.055410783369235883e+00
9.596344353397949500e-02 6.508803650637630216e-05 9.560439560439560891e-01 9.296707626493839749e-01
9.619719815228761073e-02 6.891878545311372979e-05 8.900523560209424589e-01 9.608055001140753948e-01
9.643338477973723011e-02 6.764486940942661787e-05 9.875222816399287229e-01 9.864502504981573772e-01
9.666686513379581236e-02 6.634527000553854632e-05 9.382940108892922071e-01 9.165154264972773523e-01
9.689804830612920583e-02 6.673844817570089385e-05 8.682310469314079571e-01 9.035120978503597966e-01
9.713211530402467153e-02 6.751532973417066546e-05 8.351254480286738335e-01 9.538327388320575473e-01
9.736750905795905908e-02 6.828413715794354373e-05 8.647686832740213436e-01 9.285767518128462683e-01
9.760254220852407347e-02 6.723724816253193984e-05 8.504504504504504236e-01 9.352340727748268412e-01
9.783729966421263191e-02 6.713292727370104079e-05 8.303249097472924500e-01 9.021443231713589528e-01
9.807012441261567237e-02 6.702921340280121982e-05 8.163636363636364024e-01 8.875595661537726278e-01
9.830432198494945539e-02 6.771531372861528232e-05 8.180180180180179894e-01 8.958742650656478235e-01
9.853663875749650580e-02 6.592920559052215760e-05 7.915129151291513399e-01 9.032868153083069007e-01
9.876785373964377945e-02 6.639572360800846391e-05 7.806215722120658507e-01 8.808911997154494911e-01
9.900171307164255807e-02 6.725503490443550815e-05 7.472727272727273107e-01 8.950552870868638822e-01
9.923465994738583928e-02 6.748068345197972770e-05 6.751824817518248256e-01 7.863545014089310392e-01
9.947119774122156755e-02 6.881988242762419612e-05 6.815742397137746211e-01 8.331265217648016197e-01
9.970633280334199877e-02 6.694105292138958260e-05 7.100917431192660390e-01 8.850486817647443827e-01
9.993728249839414768e-02 6.534832822620718473e-05 6.423220973782771681e-01 7.900668945942252996e-01
1.001703666773564594e-01 6.807110521762425154e-05 7.545126353790613249e-01 8.575090184314163588e-01
1.004042664217037195e-01 6.656925648346958700e-05 6.796296296296295836e-01 8.779770050514877910e-01
1.006397678263622197e-01 6.842954627529723277e-05 6.684684684684684131e-01 7.869048349192043768e-01
1.008742614643446667e-01 6.658751459513834290e-05 6.957328385899814727e-01 8.271774193341483450e-01
1.011048192716836602e-01 6.576603880257255797e-05 6.101694915254237683e-01 7.870362703474026445e-01
1.013390231998947122e-01 6.916081345207424958e-05 6.451612903225806273e-01 8.080986764755249130e-01
1.015727676549605663e-01 6.516705286347274908e-05 6.451612903225806273e-01 7.685595123749013879e-01
1.018063810355425147e-01 6.852265857895202593e-05 6.799276672694394286e-01 8.235098051812048681e-01
1.020425928562866541e-01 6.754985595762503701e-05 6.261510128913443385e-01 7.479066016351856305e-01
1.022745336203261940e-01 6.568464132683736977e-05 6.755218216318785718e-01 8.151666612527752598e-01
1.025079986564226969e-01 6.883363629312960503e-05 5.956678700361011103e-01 7.948676419099313106e-01
1.027413231873401389e-01 6.438235018542032870e-05 6.103646833013435247e-01 7.892200715216620699e-01
1.029738054843176154e-01 6.827106302290229681e-05 5.865209471766849036e-01 7.462435080632626727e-01
1.032091814552798248e-01 6.721742881697321279e-05 6.126629422718807838e-01 7.887081993454579942e-01
1.034439824047587719e-01 6.784155240531380992e-05 6.451016635859518900e-01 7.910130861978250660e-01
1.036790446583389369e-01 6.769644679304059084e-05 6.402214022140221283e-01 8.098601250851019673e-01
1.039108473112752701e-01 6.478868293181549987e-05 5.992292870905587820e-01 7.567791514117045981e-01
1.041435991355559865e-01 6.876976636486558856e-05 6.036363636363636376e-01 7.956659459350142738e-01
1.043796853337771446e-01 6.639151268194193886e-05 6.635338345864661980e-01 8.173817660994233680e-01
1.046125879328569097e-01 6.649047237023615630e-05 6.484962406015037928e-01 8.016867711329372925e-01
1.048449497528018554e-01 6.678671360180158550e-05 6.041275797373358847e-01 7.170858355213017843e-01
1.050782436420249349e-01 6.680234379189081782e-05 6.358490566037735547e-01 7.786717245934778875e-01
1.053121578057464591e-01 6.813810244029516923e-05 5.748613678373382108e-01 7.505918502345293453e-01
1.055465828127617189e-01 6.602091647410296903e-05 5.654648956356735923e-01 7.367513258364934980e-01
1.057784850233827734e-01 6.633866725893719138e-05 5.492424242424241987e-01 7.141281760877804530e-01
1.060121054701392146e-01 6.796601729703331872e-05 5.464684014869888307e-01 7.686766961022647449e-01
1.062489964857592228e-01 6.804532742857089987e-05 6.275605214152699673e-01 8.074832326172748376e-01
1.064814477792258851e-01 6.617151051899120408e-05 6.500956022944550661e-01 7.986815028930127625e-01
1.067134525370284776e-01 6.660088521860815184e-05 6.155303030303029832e-01 7.706355378720888272e-01
1.069489685164438514e-01 6.844070374709154171e-05 6.414048059149722869e-01 7.986517487681261684e-01
1.071833396191340243e-01 6.614921031534214753e-05 6.290630975143403081e-01 7.830265643077871651e-01
1.074169666915256866e-01 6.748748480923821868e-05 6.791744840525327787e-01 8.136015537639559314e-01
1.076507130258745892e-01 6.685365476994657339e-05 5.984848484848485084e-01 7.301375865662610432e-01
1.078822248577407661e-01 6.549492787243419399e-05 6.627906976744185608e-01 8.352555799880700960e-01
1.081158030820603549e-01 6.892691260091426855e-05 6.549815498154981652e-01 8.363694730846872316e-01
1.083502519132016478e-01 6.550174513790631484e-05 6.441005802707930883e-01 7.881602201279021003e-01
1.085838887651629364e-01 6.788279140540267611e-05 6.616822429906542569e-01 8.023635275396022726e-01
1.088167529892371671e-01 6.600576014251126192e-05 6.351351351351350871e-01 7.965607487197166048e-01
1.090505526263309127e-01 6.812007346507967362e-05 6.578947368421053099e-01 8.321486104378127413e-01
1.092866482205838569e-01 6.842382848130358576e-05 6.044776119402984760e-01 7.390414972081591483e-01
1.095204794082260541e-01 6.485319910623837047e-05 6.959064327485380286e-01 7.864065755258238255e-01
1.097528862015335477e-01 6.749182814616273797e-05 6.184210526315789824e-01 7.925379129671362710e-01
1.099860225771209649e-01 6.572661825364852677e-05 6.479690522243714002e-01 8.116396192175909796e-01
1.102199794899808571e-01 6.771853003694458301e-05 6.120527306967984416e-01 8.010056241344298833e-01
1.104527673679933375e-01 6.605954367090497955e-05 6.905222437137330527e-01 8.586504651777270292e-01
1.106846995336629863e-01 6.639466551207307780e-05 6.326923076923076650e-01 7.714583131926714410e-01
1.109195593734974006e-01 6.847264593218049594e-05 6.966292134831461036e-01 8.736150749882506394e-01
1.111563010475637298e-01 6.737417664069918785e-05 6.546489563567362557e-01 7.838511929089753139e-01
1.113901732397686445e-01 6.590926552890959188e-05 6.138996138996138940e-01 7.703404231608542707e-01
1.116201801113623215e-01 6.530710990471277541e-05 6.933593750000000000e-01 8.403296196308364108e-01
1.118544392406903287e-01 6.842920462665363923e-05 6.979362101313321132e-01 8.161889956531414025e-01
1.120919882620126512e-01 6.808645466680088396e-05 6.120527306967984416e-01 7.698349118085284770e-01
1.123255119325231172e-01 6.496953905756043762e-05 7.490196078431372584e-01 8.863048754124790429e-01
1.125569423960908616e-01 6.660855058776252613e-05 7.318007662835248617e-01 8.590111797786046388e-01
1.127891651266763745e-01 6.585219533195248219e-05 7.081712062256809714e-01 8.191932210086062538e-01
1.130234059678330849e-01 6.798907267284735661e-05 6.918714555765594909e-01 8.311821343611787150e-01
1.132592717752512051e-01 6.709286710082286605e-05 6.673040152963670701e-01 8.212966042745198925e-01
1.134925261196267493e-01 6.566405257712189627e-05 7.198443579766536926e-01 8.209056305648215757e-01
1.137232837453631684e-01 6.560285114491499190e-05 6.796875000000000000e-01 8.410238801557227140e-01
1.139571109036284086e-01 6.796742105221370610e-05 7.897727272727272929e-01 9.378959219074238796e-01
1.141916071219103018e-01 6.614694266841438333e-05 7.607003891050583277e-01 9.192354802708426753e-01
1.144245089960832934e-01 6.685048664461395486e-05 7.461538461538461675e-01 9.315397319434892687e-01
1.146574952630475680e-01 6.619094374413487093e-05 8.035019455252918608e-01 9.251745007803253706e-01
1.148904160535498264e-01 6.707792820933123690e-05 7.528957528957529455e-01 8.577643925544287118e-01
1.151265174722906764e-01 6.876668888584983865e-05 7.796610169491525744e-01 8.548080477472164151e-01
1.153617816491615961e-01 6.565260628400561250e-05 7.411764705882353255e-01 8.661119687025885527e-01
1.155936763096339220e-01 6.650816827874497729e-05 7.852998065764023039e-01 8.904756931169006684e-01
1.158258315634240476e-01 6.588797587536296874e-05 7.274509803921568318e-01 8.720531748210632594e-01
1.160597319175528663e-01 6.799461765561689208e-05 7.885714285714285898e-01 8.710366019317244968e-01
1.162950314370258531e-01 6.674923210542826858e-05 7.364341085271317588e-01 8.409245014782629202e-01
1.165287100714146457e-01 6.653530395956359987e-05 8.217054263565891636e-01 8.742866468137480140e-01
1.167624675326668082e-01 6.672669288532265567e-05 8.062015503875968880e-01 8.820193055740468413e-01
1.169963813879617426e-01 6.705354536925166775e-05 7.659574468085106336e-01 9.007269882548603057e-01
1.172296699541907350e-01 6.631902832571586392e-05 7.602339181286549286e-01 8.215767252625200134e-01
1.174633317010978645e-01 6.682263370538187562e-05 7.790697674418605168e-01 8.508921711532380083e-01
1.176963758561083428e-01 6.650269296166132736e-05 7.949218750000000000e-01 8.434741664292948471e-01
1.179299254124360069e-01 6.728363660691870959e-05 8.588007736943906734e-01 9.220606571275059560e-01
1.181661083576700799e-01 6.789566897107491888e-05 8.049713193116634358e-01 8.992370314848538992e-01
1.184002669641160965e-01 6.566520377029123803e-05 8.231827111984283407e-01 9.006760468086224547e-01
1.186327021679424165e-01 6.597848618172980106e-05 9.372549019607843146e-01 9.319275951896106580e-01
1.188650719869437794e-01 6.702715015157560143e-05 8.854368932038835238e-01 9.359344155848631219e-01
1.190988067061411609e-01 6.629343627726192692e-05 7.788649706457925204e-01 9.074497141255678523e-01
1.193323897405050432e-01 6.682302270376797710e-05 8.494208494208493887e-01 9.248857250754549675e-01
1.195656510531601519e-01 6.587317906801366991e-05 8.596491228070175517e-01 9.248090113823173031e-01
1.198002489216287991e-01 6.746592986415190997e-05 8.876190476190476408e-01 8.807541604536769375e-01
1.200336589500475559e-01 6.624896294229367234e-05 9.032882011605415373e-01 8.840601105305623264e-01
1.202657768623850848e-01 6.571795768306507403e-05 8.972868217054263962e-01 9.466930287287392831e-01
1.204994510404173019e-01 6.765105501654847969e-05 8.724202626641650582e-01 8.794047514826492939e-01
1.207339951349819807e-01 6.562727713419021691e-05 8.942307692307692735e-01 9.344650084786528810e-01
1.209680956947216668e-01 6.741732215622490954e-05 8.728971962616822733e-01 8.883776103568133964e-01
1.212006880373407286e-01 6.513848631823455568e-05 8.403846153846153966e-01 9.057426911022836702e-01
1.214319994211767589e-01 6.582807741597457144e-05 8.326996197718631310e-01 8.979383507081251103e-01
1.216656057203382851e-01 6.790283688671594779e-05 9.149722735674676866e-01 9.584758549993648291e-01
1.219007843250684425e-01 6.671568653291726767e-05 9.511278195488721554e-01 9.749498262854829900e-01
1.221369572323006136e-01 6.825324584029650993e-05 9.085923217550274655e-01 9.292506548515635512e-01
1.223726009556053707e-01 6.573836356997660114e-05 9.451795841209830185e-01 9.369089945815665121e-01
1.226056442391218609e-01 6.616532013731783344e-05 8.907721280602636238e-01 9.272557932582548013e-01
1.228388051323681396e-01 6.703161226424012367e-05 9.328358208955224162e-01 9.585776595704139647e-01
1.230707296013911628e-01 6.457171094849102578e-05 9.555984555984555762e-01 9.774823492608589737e-01
1.233029183635097059e-01 6.759810128202039419e-05 9.003690036900369176e-01 9.752663513594663769e-01
1.235379854409733719e-01 6.570013406878603220e-05 9.222011385199241351e-01 9.531058267169997267e-01
1.237724597817453503e-01 6.756544521848162354e-05 9.203703703703703942e-01 9.742008085418094598e-01
1.240061498949734248e-01 6.566505030106075010e-05 9.580952380952381109e-01 9.680969948219119159e-01
1.242390821888286201e-01 6.661632460395466447e-05 8.571428571428570953e-01 9.439160151247678598e-01
1.244711632953071079e-01 6.579076840955865762e-05 9.352380952380952017e-01 9.746631489741771626e-01
1.247054517839266963e-01 6.761591240357131126e-05 9.256505576208178265e-01 9.405681989728668091e-01
1.249410059021845570e-01 6.697188855875631079e-05 9.324577861163226844e-01 9.295048391162511470e-01
1.251741761334562164e-01 6.583601426366064431e-05 9.619771863117870803e-01 9.693021292169224923e-01
1.254072382360083560e-01 6.640543300240981869e-05 8.415094339622641861e-01 8.682321030070601076e-01
1.256410482936734796e-01 6.683584359234039823e-05 1.001879699248120259e+00 9.597148699373900804e-01
1.258745257397245465e-01 6.611238233520655145e-05 9.467680608365018902e-01 9.646373594741511903e-01
1.261080103941889519e-01 6.690937462473420770e-05 9.530956848030018858e-01 9.615306822547131649e-01
1.263406670927800235e-01 6.522594346067754308e-05 9.193857965451055492e-01 9.268169261974379403e-01
1.265732414590826360e-01 6.685572305932845820e-05 9.190207156308851655e-01 9.571191389353285173e-01
1.268080548800749052e-01 6.733690508414850442e-05 9.550561797752809001e-01 1.001755392346030060e+00
1.270422367608540493e-01 6.597699196562882616e-05 1.091428571428571415e+00 1.033443487655163917e+00
1.272759152751854195e-01 6.689135984813015558e-05 9.981203007518797410e-01 9.636204450056543580e-01
1.275094590884037760e-01 6.604831116682244026e-05 9.923664122137404453e-01 9.699313661689549226e-01
1.277431018946701968e-01 6.733257125615095616e-05 9.548872180451127845e-01 9.517220052536725650e-01
1.279782552164440979e-01 6.710085433560373114e-05 9.567669172932330435e-01 1.026859587679945118e+00
1.282131041449612319e-01 6.621149459998993162e-05 9.356060606060605522e-01 9.280418985051680503e-01
1.284458066838963242e-01 6.548314267397141550e-05 9.942528735632183423e-01 1.024580104157663651e+00
1.286783609577602794e-01 6.654865817496632442e-05 9.886363636363636465e-01 9.970794991113849370e-01
1.289128241661116614e-01 6.697900382933094643e-05 1.000000000000000000e+00 1.043397932374326098e+00
1.291446660323967432e-01 6.835636986838949068e-05 9.238683127572016041e-01 9.286334442808856782e-01
1.293786085608263359e-01 6.605676840398337884e-05 8.535469107551487689e-01 9.489010254299317104e-01
1.296108774202269776e-01 6.783588626387897994e-05 9.503546099290780536e-01 9.514301806733237443e-01
1.298443923619162221e-01 6.722079102470935436e-05 9.799999999999999822e-01 9.602343463967535353e-01
1.300782666066699345e-01 6.749263575799763530e-05 9.041450777202072464e-01 8.966799917758908611e-01
1.303119143017006376e-01 6.684139813301355590e-05 8.855585831062670055e-01 9.221450811066441711e-01
1.305459241900186751e-01 6.810036271421107158e-05 1.103351955307262600e+00 1.091203181988809501e+00
1.307796783027228849e-01 6.720238230322061351e-05 1.020588235294117574e+00 1.059795305691339173e+00
1.310139024467842916e-01 6.790776888182086793e-05 9.099099099099099419e-01 9.494857264679601450e-01
1.312472894800687517e-01 6.625173267803912932e-05 9.617834394904458684e-01 1.010302320764416395e+00
1.314776668789590652e-01 6.618039329338910079e-05 9.370860927152317998e-01 9.184310726881765863e-01
1.317137024266215872e-01 7.043903276921694031e-05 1.006349206349206327e+00 9.343423980561097464e-01
1.319503540721679857e-01 6.642835643525359449e-05 8.771331058020477300e-01 8.983373434539756452e-01
1.321828723734352895e-01 6.718390404847075217e-05 9.692832764505119325e-01 9.341690340506877410e-01
1.324147834979462757e-01 6.603244305163348776e-05 8.936170212765957022e-01 9.633388444827023500e-01
1.326480411947886795e-01 6.877844789332857034e-05 9.166666666666666297e-01 9.805693263118649972e-01
1.328820802110143862e-01 6.636907368294008079e-05 9.233576642335766804e-01 9.168214462377743956e-01
1.331148138063605602e-01 6.785609440944978998e-05 9.021739130434782705e-01 9.465055286769351595e-01
1.333495643154704868e-01 6.741119029024297674e-05 8.814814814814815325e-01 8.757830123801566558e-01
1.335835372037798285e-01 6.759745300131219899e-05 8.867924528301887044e-01 9.017604711408744311e-01
1.338176466306949530e-01 6.831218422516185137e-05 9.659090909090909394e-01 9.367478617396636231e-01
1.340512797922887300e-01 6.599048480043925120e-05 9.606299212598424786e-01 9.318657289263690968e-01
1.342814461297319739e-01 6.559979566974010292e-05 9.596774193548387455e-01 1.013132422189092940e+00
1.345160483007357966e-01 6.963532972159798605e-05 8.949416342412451764e-01 9.232373378176801371e-01
1.347536796152505323e-01 6.810829448341578071e-05 9.554655870445344368e-01 9.846300339843534477e-01
1.349871276635005723e-01 6.677996814749840085e-05 8.958333333333333703e-01 9.112529530511525033e-01
1.352194676899014514e-01 6.661700689138378795e-05 8.691983122362869629e-01 9.889992939026395202e-01
1.354521481550482465e-01 6.703309091722472405e-05 9.012875536480686733e-01 9.708871684897258936e-01
1.356860453582514059e-01 6.856354300475121723e-05 9.358974358974359031e-01 9.584851807778596022e-01
1.359211357373890650e-01 6.716967141125949588e-05 8.105726872246695747e-01 9.236615467964079951e-01
1.361540064088500035e-01 6.678503458520554067e-05 9.282511210762331988e-01 9.127405857871294659e-01
1.363867967184397567e-01 6.692559243115627019e-05 8.356164383561643927e-01 9.434170095821090563e-01
1.366219029817275776e-01 6.946138516611432591e-05 8.918918918918918859e-01 9.639850128206246538e-01
1.368567259414371073e-01 6.686962625770076724e-05 8.632075471698112956e-01 8.792584418806389523e-01
1.370879062713149799e-01 6.563798020853460155e-05 8.695652173913043237e-01 9.385666584749087216e-01
1.373197126983267125e-01 6.725671536427617889e-05 8.067632850241546194e-01 8.875883154969514965e-01
1.375555620768925402e-01 6.925260661464505163e-05 9.377990430622009654e-01 8.888710828503840755e-01
1.377899351687938978e-01 6.618070308676317348e-05 9.695431472081218471e-01 9.473093128248847306e-01
1.380219266012210066e-01 6.752809196460790695e-05 8.040201005025126024e-01 9.137718066748807821e-01
1.382545611228954419e-01 6.572577943118536358e-05 9.057591623036649331e-01 9.072408665659750238e-01
1.384888270319775960e-01 6.920592491137856391e-05 8.469387755102041337e-01 9.955387784470887125e-01
1.387251204069650523e-01 6.776599831776989474e-05 9.259259259259259300e-01 9.970562196948649092e-01
1.389591668919520073e-01 6.693609892524315735e-05 8.972972972972973471e-01 9.002880798582438837e-01
1.391904057199591371e-01 6.569416018844522961e-05 7.988826815642458001e-01 8.702361434411178820e-01
1.394227790925808841e-01 6.774421325864447493e-05 8.722222222222222321e-01 8.722045291906829201e-01
1.396572113000431603e-01 6.854202640791657957e-05 8.483146067415729963e-01 8.860745681861739165e-01
1.398913498476041517e-01 6.688348527294887597e-05 8.554913294797688028e-01 1.009328668797196071e+00
1.401247906031993506e-01 6.646051683429370267e-05 8.647058823529412130e-01 8.634845316114131419e-01
1.403591895729549288e-01 6.805811419343037823e-05 8.757396449704142327e-01 9.707749365593293378e-01
1.405953485464094266e-01 6.905228462272873535e-05 7.976190476190476719e-01 8.306504431649686104e-01
1.408299829100064793e-01 6.644350311483485528e-05 7.750000000000000222e-01 8.316963087569876345e-01
1.410591665228413116e-01 6.501076246847150089e-05 7.870967741935483986e-01 8.376668454801395880e-01
1.412893301143412494e-01 6.674759269244742439e-05 8.516129032258064058e-01 9.313144012887747403e-01
1.415237124881587039e-01 6.927971403152424041e-05 8.853503184713376051e-01 8.987665151373853689e-01
1.417608398927272528e-01 6.767011984472880734e-05 7.697368421052631637e-01 9.166246947496725639e-01
1.419948711733081126e-01 6.643728084900887214e-05 7.482993197278912101e-01 7.578854137254676937e-01
1.422257950142377936e-01 6.614300048882033553e-05 8.111888111888111430e-01 9.187757387604834625e-01
1.424611599372695714e-01 6.976859826068063314e-05 6.938775510204081565e-01 7.993124909210661544e-01
1.426969880138435620e-01 6.713456917550140600e-05 7.841726618705036067e-01 9.068458758661448460e-01
1.429290483303200521e-01 6.598668785333661462e-05 1.014705882352941124e+00 1.067519438167312540e+00
1.431615992067113707e-01 6.674925674210528508e-05 8.731343283582089221e-01 9.212111508260887316e-01
1.433977864542690939e-01 6.958273395422789138e-05 7.279411764705882026e-01 9.061138932514236632e-01
1.436356797294852938e-01 6.762859419149515740e-05 6.538461538461538547e-01 7.848415963498280856e-01
1.438647788032675900e-01 6.395074090213278628e-05 7.272727272727272929e-01 8.168032463210466165e-01
1.440939223050132778e-01 6.721088340672915884e-05 7.359999999999999876e-01 8.149797543497632191e-01
1.443302270800670972e-01 6.810715064994765275e-05 7.804878048780488076e-01 8.919406928066644369e-01
1.445647386873331885e-01 6.765147823845471715e-05 7.563025210084033390e-01 8.027739493154953943e-01
1.448001674656267668e-01 6.812041505588835896e-05 5.847457627118644030e-01 7.985011814282529929e-01
1.450305141697986189e-01 6.417457142913943864e-05 7.339449541284404077e-01 7.663708627690680730e-01
1.452619539705164164e-01 6.860711380950888425e-05 7.280701754385965341e-01 9.143027523365174769e-01
1.454988966656826088e-01 6.757751339465679083e-05 7.155963302752293975e-01 8.720906156562311384e-01
1.457319267282644326e-01 6.746225896059649557e-05 6.886792452830188260e-01 7.855721045873980124e-01
1.459689564871680389e-01 6.919146774834719811e-05 6.915887850467289377e-01 7.824835771564286890e-01
1.462029517945844237e-01 6.518587451146425451e-05 6.632653061224489388e-01 9.612439878433216567e-01
1.464348845068329241e-01 6.893025110561780433e-05 7.920792079207921166e-01 9.409587620211272707e-01
1.466710325229612644e-01 6.703672746630305742e-05 8.333333333333333703e-01 1.011221758292632833e+00
1.469003469776316018e-01 6.495976429229445050e-05 7.692307692307692735e-01 9.430082616670298901e-01
1.471326263642964982e-01 6.784892292542188277e-05 6.344086021505376261e-01 7.199484828886324461e-01
1.473683745226096187e-01 6.734190408583911583e-05 7.752808988764045006e-01 8.229905652687636852e-01
1.476018743975685277e-01 6.760693685313507080e-05 6.091954022988506079e-01 7.680535113695685645e-01
1.478377306130267688e-01 6.772451548086767131e-05 6.117647058823529882e-01 6.756260713111164051e-01
1.480669483097254435e-01 6.431970194966852195e-05 7.435897435897436125e-01 8.887861544839484873e-01
1.482973419064994303e-01 6.861360276277018620e-05 5.555555555555555802e-01 7.900270002852420870e-01
1.485364113895124294e-01 6.936560494550093024e-05 6.329113924050633333e-01 7.712175297077382696e-01
1.487716162219679672e-01 6.677093946461412058e-05 7.567567567567567988e-01 8.881987419002693729e-01
1.490077522787839059e-01 6.871676643346850033e-05 6.081081081081081141e-01 7.732280811308089863e-01
1.492393961896789634e-01 6.506416229580026540e-05 7.761194029850746468e-01 8.323488652894733830e-01
1.494701913811684602e-01 6.907736733736162202e-05 6.376811594202898004e-01 7.477474399718508913e-01
1.497045353405743462e-01 6.634691779689233710e-05 5.000000000000000000e-01 7.126096406869613098e-01
1.499337638884900847e-01 6.630672807533855592e-05 5.967741935483871218e-01 6.899757947163690508e-01
1.501708286181911156e-01 6.972377942578611605e-05 6.825396825396825573e-01 7.594205532638528267e-01
1.504045133699344061e-01 6.505456575143086920e-05 6.428571428571429047e-01 8.183170883849711919e-01
1.506393971018608890e-01 7.070153912039902559e-05 8.135593220338983578e-01 1.006442904359560631e+00
1.508747560046925229e-01 6.361798606692725948e-05 6.274509803921568540e-01 7.481876089544672315e-01
1.511033451723478305e-01 6.822425875258773191e-05 4.423076923076922906e-01 6.970988061689175064e-01
1.513430592404528541e-01 6.953071659907809779e-05 6.862745098039215730e-01 7.094138241225702579e-01
1.515751618564359637e-01 6.342734358875888579e-05 5.227272727272727071e-01 6.990252954195317336e-01
1.518045724547506525e-01 6.938126820492401424e-05 5.869565217391304879e-01 7.480282840906630204e-01
1.520480234761667215e-01 6.976967995741814512e-05 4.318181818181818232e-01 6.257227226334637349e-01
1.522777008011769462e-01 6.272216552833166940e-05 6.486486486486486847e-01 6.794489237825154238e-01
1.525061322319957446e-01 6.929360622917626303e-05 5.641025641025640969e-01 7.536891516255933565e-01
1.527427011500204213e-01 6.666422581467422144e-05 3.142857142857142794e-01 5.820442510703817129e-01
1.529726548169981215e-01 6.665749530051660659e-05 7.878787878787878451e-01 8.221006040151842553e-01
1.532134048917648539e-01 7.071407902998622368e-05 4.242424242424242542e-01 6.625215487598618003e-01
1.534434790603389775e-01 6.011232516833131041e-05 3.076923076923077094e-01 6.749972605686249683e-01
1.536710418380370924e-01 6.976616835160736295e-05 7.142857142857143016e-01 8.541614816500998630e-01
1.539149550629408947e-01 6.925196045819559246e-05 4.000000000000000222e-01 6.449806198638841082e-01
1.541445478244997391e-01 6.478862577215637321e-05 9.523809523809523281e-01 9.233675918888245571e-01
1.543780235396354228e-01 7.053413531437874686e-05 5.714285714285713969e-01 6.060915267313264909e-01
1.546059873932826012e-01 5.909742656752603256e-05 6.250000000000000000e-01 7.234898064243890925e-01
1.548370283320493757e-01 7.086429496304842972e-05 7.647058823529411242e-01 8.339674634563428723e-01
1.550799786572540917e-01 6.540043890405022008e-05 1.538461538461538547e-01 3.768445758127966227e-01
1.553036635055988490e-01 6.758474544596143726e-05 5.454545454545454142e-01 5.454545454545454142e-01
1.555456416189227586e-01 7.341490814454251594e-05 0.000000000000000000e+00 0.000000000000000000e+00
1.557790343018141677e-01 5.399834121423047510e-05 0.000000000000000000e+00 0.000000000000000000e+00
1.559999688717171595e-01 6.566134794291481655e-05 0.000000000000000000e+00 0.000000000000000000e+00
1.562567987100282052e-01 8.033505465450464550e-05 0.000000000000000000e+00 0.000000000000000000e+00
