# q qerr I(q) I(q)err
3.001749291795529316e-03 1.167853270244704247e-04 6.744496666666665988e+04 4.510905844484749105e+04
3.216946015612575076e-03 6.406021311444656113e-05 1.109875507246376801e+05 2.850629909300830695e+04
3.430819248455692968e-03 7.252053699931147659e-05 1.003921839080459758e+05 1.784300534361938116e+04
3.672101494117159613e-03 7.545375631879780269e-05 8.352980808080808492e+04 1.112410461322963965e+04
3.918307832378639319e-03 7.374016049620304720e-05 6.884814018691588717e+04 7.299943052547933803e+03
4.147718136434350687e-03 6.107192035677698103e-05 5.790317894736841845e+04 5.656717792181948425e+03
4.365502826808959243e-03 6.779080658174564808e-05 4.890455140186916105e+04 4.478519670541487358e+03
4.594999596112334626e-03 7.420628290313399807e-05 4.128006504065040644e+04 3.652611672326914231e+03
4.835936192065706969e-03 7.320149930589021881e-05 3.483456349206349114e+04 3.062271339770109989e+03
5.080814687701338921e-03 7.653000632488168636e-05 2.949084027777777737e+04 2.553589198133495302e+03
5.317078266608570546e-03 6.172106439101172914e-05 2.519447967479674844e+04 1.899845738664708506e+03
5.551471060931053268e-03 7.668524467813574576e-05 2.157534567901234550e+04 1.650788644276407240e+03
5.788366925541485984e-03 6.194770960560404868e-05 1.867685185185185037e+04 1.383035699945993201e+03
6.009776342023025880e-03 6.950277321810145736e-05 1.631247741935483828e+04 1.155801710721057816e+03
6.247094567316056890e-03 7.317752475420629581e-05 1.419331578947368507e+04 1.026121261666572764e+03
6.480842620397410207e-03 6.691741107424957404e-05 1.247446540880503198e+04 8.406356834916533671e+02
6.718305882023165379e-03 7.577205940640407739e-05 1.095834183673469306e+04 7.358132403590124113e+02
6.954283760887284942e-03 6.032943043655961634e-05 9.728067484662577044e+03 6.278029678266773317e+02
7.176272274730767682e-03 6.864708281211200774e-05 8.706856382978723559e+03 5.248194521296206858e+02
7.411440332622126065e-03 7.201436331295212967e-05 7.809675000000000182e+03 4.992426041014529687e+02
7.640547325048651327e-03 6.719666067278881421e-05 7.076420212765957331e+03 4.593102496609886316e+02
7.880909625388352394e-03 7.780078248694467205e-05 6.369711864406779569e+03 3.875546550774750472e+02
8.119534573631228755e-03 6.182975050629921810e-05 5.788774869109947758e+03 3.375660811339774341e+02
8.341212846027333885e-03 7.037901862628595019e-05 5.311904109589040672e+03 2.906531841769433981e+02
8.584257463478678699e-03 7.672081168970473167e-05 4.869235059760956574e+03 2.577652995798031270e+02
8.826919166718070683e-03 6.518131950376178396e-05 4.474716894977168522e+03 2.277672765290466828e+02
9.051576779129599792e-03 7.018745924619574326e-05 4.146725000000000364e+03 2.046838677794775379e+02
9.278754197832399936e-03 6.574873290523112796e-05 3.877607929515418618e+03 1.942229033443489925e+02
9.511181178050998053e-03 7.470724405325664997e-05 3.610951492537313243e+03 1.685104997049269855e+02
9.756331684265373561e-03 7.268311501543828993e-05 3.383566666666666606e+03 1.649760012476188251e+02
9.992460030236703650e-03 6.501341219802315996e-05 3.185468253968253975e+03 1.488115114152975025e+02
1.021767907988490980e-02 6.882116667024825156e-05 3.002382022471910204e+03 1.303453697479137361e+02
1.044627826021552429e-02 6.776641009522302674e-05 2.854806818181818016e+03 1.235753658297029176e+02
1.067941769640304468e-02 7.427835917673683769e-05 2.699608695652173992e+03 1.094814293149268423e+02
1.092103363594707117e-02 6.948634926740279217e-05 2.566500000000000000e+03 1.049432902956744016e+02
1.115205959515964615e-02 6.613677834257579403e-05 2.453300353356890355e+03 1.003195384215338777e+02
1.138090927839274270e-02 7.036315799772670850e-05 2.348085526315789593e+03 9.051268197421188688e+01
1.161908717993895106e-02 7.230519164610463203e-05 2.248737341772151922e+03 8.917512170643308878e+01
1.185129732832000682e-02 6.908715592862023315e-05 2.159188311688311842e+03 7.668103666406619823e+01
1.208558089049110301e-02 7.062077464939989495e-05 2.070691131498470895e+03 6.969001910410419498e+01
1.231793957662911075e-02 6.797072397413507841e-05 1.995234177215189902e+03 6.681781164279428253e+01
1.255104362664789287e-02 7.284146348496770690e-05 1.930235632183908137e+03 6.496946483906448577e+01
1.278854709885444453e-02 6.836902354776895477e-05 1.872611445783132467e+03 6.508968529947706827e+01
1.301955791686103432e-02 7.052250088700313892e-05 1.812090909090909008e+03 6.040110206085059730e+01
1.325028003696187423e-02 6.572913682214379116e-05 1.760048192771084359e+03 5.851143635274688393e+01
1.348330464865910884e-02 7.403947498893654331e-05 1.708944736842105158e+03 5.516293531106700243e+01
1.372355777471481568e-02 7.011324266142941383e-05 1.659122615803814824e+03 5.780434453997850852e+01
1.396363525470880468e-02 7.100822662538032210e-05 1.619847938144329873e+03 4.989633264131990131e+01
1.419611930545690293e-02 6.442105916470620042e-05 1.579033707865168481e+03 4.673318447846828860e+01
1.442295386479172138e-02 6.909816387485589995e-05 1.542060526315789502e+03 5.009652967340711172e+01
1.465427040331478310e-02 7.032050413528805792e-05 1.506654731457800608e+03 4.563143360317506136e+01
1.488826669148199562e-02 6.870854531503662287e-05 1.480556962025316352e+03 4.456120880222032810e+01
1.512493372137564684e-02 7.038106039296808131e-05 1.448846715328467099e+03 4.484833023121409923e+01
1.535996817115549591e-02 6.948886920014566576e-05 1.427524509803921546e+03 5.427619272385878446e+01
1.559107684366512793e-02 6.926322144844645774e-05 1.403082499999999982e+03 5.244323979313253403e+01
1.582030048556574975e-02 6.778990216657608829e-05 1.378157622739018052e+03 4.939833196180754271e+01
1.604934829520379691e-02 6.632072085052491666e-05 1.355743455497382229e+03 4.196952902688866516e+01
1.628904364851086611e-02 7.370425539511840857e-05 1.338068883610451394e+03 4.730642695759047456e+01
1.652925296731121152e-02 6.866669088367037858e-05 1.313701030927835063e+03 4.226295386784334340e+01
1.676290647126136429e-02 6.841736000850834820e-05 1.298332480818414297e+03 4.252843519865383826e+01
1.698898227523908816e-02 6.513545783602395407e-05 1.283946091644204898e+03 3.980061045748526993e+01
1.721559450095504207e-02 6.815141817037284600e-05 1.270630490956072435e+03 4.191047400424076841e+01
1.745425431013439971e-02 7.361591577158020986e-05 1.256410926365795831e+03 3.928537169396789608e+01
1.769237993647997109e-02 6.752629516254465077e-05 1.248303108808290062e+03 4.056376798327070077e+01
1.792581344598703774e-02 6.995690167491317953e-05 1.235792592592592655e+03 3.985016289045726268e+01
1.815810556613557669e-02 6.785108792352181407e-05 1.227388746803069125e+03 3.965497937639153037e+01
1.839232362436072146e-02 7.095327149885457684e-05 1.210833740831295927e+03 3.460237028914055202e+01
1.863037138017983527e-02 7.115596482089993704e-05 1.203834928229665138e+03 3.586889487508628349e+01
1.886280557207787104e-02 6.449751950033663162e-05 1.194804177545691800e+03 3.939102750990164736e+01
1.909573960115521288e-02 7.170118321703184772e-05 1.188331002331002310e+03 3.857434104573469824e+01
1.933100079269604518e-02 6.740791281490355268e-05 1.181820707070707158e+03 3.623611161705911599e+01
1.956643258492160933e-02 7.263834258317552345e-05 1.177458525345622093e+03 3.774371531845370953e+01
1.980140115393233882e-02 6.562685565221032481e-05 1.172952380952380963e+03 3.616306177080721085e+01
2.002553894851007155e-02 6.516318768203393532e-05 1.172338383838383834e+03 3.825456317104947601e+01
2.025791866108470757e-02 7.136486459924699065e-05 1.167354691075514893e+03 3.853559018227825561e+01
2.049506424590396420e-02 6.900197405484374000e-05 1.160694510739856696e+03 3.575084797583838281e+01
2.073118625762118000e-02 7.052247030088847036e-05 1.159383027522935890e+03 3.495982023417008122e+01
2.096357000287297698e-02 6.647394664901699988e-05 1.152782608695652243e+03 3.574457214939420169e+01
2.119430833328746558e-02 6.961349209216719826e-05 1.154799065420560737e+03 3.571615510186842357e+01
2.143145413784678169e-02 7.298555940605846982e-05 1.154286652078774523e+03 3.359182637472761002e+01
2.167047737296409413e-02 6.691391229536730319e-05 1.153021077283372279e+03 3.480604779953137040e+01
2.189928641736541004e-02 6.715504648428360229e-05 1.154165501165501155e+03 3.435999648987445454e+01
2.212935186570120366e-02 6.857374351609249376e-05 1.152995444191343950e+03 6.642825417637874352e+01
2.236393702227972707e-02 6.998460737683496991e-05 1.150405829596412559e+03 7.491501838140767688e+01
2.259777835583483968e-02 6.986464902764970590e-05 1.156024336283185903e+03 3.570016350069051470e+01
2.283319440761695171e-02 6.790936196889400258e-05 1.157715246636771326e+03 3.535668829382240119e+01
2.306264206423920202e-02 6.694360958493462607e-05 1.159450000000000045e+03 3.650729534814053778e+01
2.329708818082978222e-02 7.159338094189254982e-05 1.162441613588110386e+03 3.735463221266747524e+01
2.353543375433993223e-02 6.985578503684801541e-05 1.170222222222222172e+03 3.605151106419957330e+01
2.377007062717483368e-02 7.009305664980517553e-05 1.171119402985074657e+03 3.584402460471141438e+01
2.400302358301376407e-02 6.597292527615178370e-05 1.173125842696629206e+03 3.593164792787518991e+01
2.423507457935474702e-02 7.157919103467260530e-05 1.178700413223140458e+03 3.534938542987404730e+01
2.447096161315339205e-02 6.736211404920262771e-05 1.184732026143790790e+03 3.578874018841877103e+01
2.470427111069508144e-02 6.982655739072169126e-05 1.192411642411642333e+03 3.833160126854362915e+01
2.493809997853204188e-02 6.775469533352249248e-05 1.199880597014925343e+03 4.004451664705773339e+01
2.517118618717203993e-02 6.980743985615223796e-05 1.207359574468085157e+03 4.225262402752529312e+01
2.540636145408604191e-02 6.938193712001703524e-05 1.209826666666666597e+03 4.306538456983923879e+01
2.563827354025385516e-02 6.629623788449823620e-05 1.217997663551401956e+03 4.109741661751281327e+01
2.586948195348701476e-02 6.770189532135148904e-05 1.227353348729792060e+03 4.226940679216312446e+01
2.609745587984336687e-02 6.509333995869156359e-05 1.231404411764705856e+03 3.991343809256587605e+01
2.633484837400032474e-02 7.348807666944635701e-05 1.240453744493392151e+03 4.151001636935672678e+01
2.657557098811626564e-02 6.881179166339853475e-05 1.248304761904762017e+03 4.140046282344516726e+01
2.680365379537597362e-02 6.422825624438124588e-05 1.258375000000000000e+03 3.953177003166863557e+01
2.703234577850367401e-02 6.946685782169436285e-05 1.262802850356294584e+03 3.708273600760609412e+01
2.726970666685900324e-02 6.993093227310868997e-05 1.276615201900237480e+03 3.880416382847250389e+01
2.750750127458209335e-02 6.961999393279447927e-05 1.287316666666666606e+03 4.020519393122758345e+01
2.774064166089718064e-02 6.699331928476430444e-05 1.297037313432835845e+03 3.921745339483392456e+01
2.797286317169397213e-02 6.855334754057274232e-05 1.304806372549019670e+03 3.837446141296450719e+01
2.820747942598401947e-02 7.000105603626221500e-05 1.318432038834951527e+03 4.204440351356164740e+01
2.843871508024181996e-02 6.660692948204320466e-05 1.326884615384615472e+03 4.085837617127064902e+01
2.867376841695860532e-02 7.113061539282546195e-05 1.339426540284360271e+03 3.924007554938048514e+01
2.890771417331186935e-02 6.480505975226419921e-05 1.348015706806282651e+03 4.162434602306787212e+01
2.913907964587559782e-02 7.035121785828480224e-05 1.363134803921568619e+03 4.126025483310462505e+01
2.937603130710666338e-02 7.051255909955699420e-05 1.376972906403940897e+03 4.444251489552025447e+01
2.960814043237767687e-02 6.584026763423021398e-05 1.385669291338582752e+03 3.989513814043128548e+01
2.983961579365264002e-02 6.983920439112704980e-05 1.405459657701711421e+03 5.349014588338098974e+01
3.007086711816524260e-02 6.649470887843013508e-05 1.420713903743315541e+03 5.452142545061087020e+01
3.030849094681176484e-02 7.199344525738288452e-05 1.433226562500000000e+03 5.100256620445782829e+01
3.054989504902336575e-02 6.904743658252054722e-05 1.441649025069637901e+03 4.908923788650744768e+01
3.078165236014722417e-02 6.430462589111944952e-05 1.452834355828220851e+03 4.896173194446548393e+01
3.100904415161786359e-02 6.891371557748558090e-05 1.464935103244837819e+03 4.812028645651155045e+01
3.124378004707335788e-02 6.802347259085625550e-05 1.478987804878048792e+03 5.062080874021458499e+01
3.148005278710188509e-02 6.963790735804129299e-05 1.495219219219219212e+03 4.972513688152639588e+01
3.171371101549351479e-02 6.491098522060580905e-05 1.513120129870129858e+03 5.169885562690979697e+01
3.194253270530488659e-02 6.643720727097939297e-05 1.527232786885246014e+03 4.604729232950398199e+01
3.217772739409639066e-02 7.207253078604244857e-05 1.539456790123456813e+03 4.766342425684950967e+01
3.241258335410790448e-02 6.484611046219248903e-05 1.552358885017421699e+03 4.819633169959040941e+01
3.264445272271138121e-02 7.067815627986795619e-05 1.566096153846153811e+03 4.820612830556939343e+01
3.288009324972624575e-02 6.514072171913584642e-05 1.585610526315789457e+03 4.886915501720928035e+01
3.311251835395861987e-02 6.923154512368420417e-05 1.595411564625850360e+03 5.326364320911419270e+01
3.334620240946842284e-02 6.906008769013418584e-05 1.607413194444444343e+03 4.817846031565709808e+01
3.358123372194379841e-02 6.790165455744005493e-05 1.621067857142857065e+03 4.858956305375776452e+01
3.381409346726198945e-02 6.946853510284985394e-05 1.643239436619718390e+03 5.250382138159754675e+01
3.405235163866184023e-02 6.660978410321308902e-05 1.667531468531468590e+03 5.830822214843295370e+01
3.428443415797702287e-02 7.014504093919582688e-05 1.687179245283018872e+03 6.126162993846519100e+01
3.451790515064617759e-02 6.752790833138901940e-05 1.699598101265822834e+03 5.973436867091457003e+01
3.475058674309065149e-02 6.860561414856442648e-05 1.714535168195718597e+03 6.219019561296649812e+01
3.498255247524993672e-02 6.949851211445105619e-05 1.725522388059701598e+03 5.718587406405958973e+01
3.521787450520567214e-02 6.928285379750772884e-05 1.736681286549707693e+03 5.946351138078176746e+01
3.545148567192742128e-02 6.819735758945621247e-05 1.752067251461988235e+03 5.721201772467194502e+01
3.568299999600531985e-02 6.771859016455015492e-05 1.766481159420289941e+03 5.597599404443624138e+01
3.591626020472690056e-02 6.847219215976182126e-05 1.782672364672364665e+03 5.817382328814307613e+01
3.615098875833893527e-02 7.052968595604587306e-05 1.791707988980716209e+03 4.994092253161093709e+01
3.638614682571900127e-02 6.820923678434241515e-05 1.805381355932203405e+03 5.687931763719675615e+01
3.661805186382561389e-02 6.907515541028400551e-05 1.822404958677685954e+03 6.059134388061639953e+01
3.685317606104113880e-02 6.904996252045599340e-05 1.837750000000000000e+03 5.647047973518321839e+01
3.708883642168768480e-02 6.873622836593106498e-05 1.850256756756756658e+03 5.517796428718634871e+01
3.732239511597464088e-02 6.812675490547725891e-05 1.862818428184281856e+03 5.784695378882474870e+01
3.755463123269808107e-02 6.778877579542675561e-05 1.871709239130434753e+03 5.383104602208431544e+01
3.778670279175407737e-02 6.944847979951479207e-05 1.874503978779840736e+03 5.326657717612399523e+01
3.802298536488796232e-02 7.020534180361206209e-05 1.891566233766233836e+03 5.385671532059829048e+01
3.825885045270431550e-02 6.844491048717255130e-05 1.900910761154855663e+03 5.280777493460985994e+01
3.849029289296715395e-02 6.652498920162236353e-05 1.913311999999999898e+03 5.365886836923294112e+01
3.872248042820892328e-02 6.790361104831614330e-05 1.921489637305699489e+03 5.658223297613957214e+01
3.895386220490307250e-02 6.719082682281010037e-05 1.928253298153034393e+03 5.643330143644841002e+01
3.918674717410664671e-02 7.000314829290660062e-05 1.936043037974683557e+03 5.202322537298720562e+01
3.942407118577949399e-02 7.012279782529274620e-05 1.946749379652605512e+03 5.480650458409082404e+01
3.965683877455637024e-02 6.593437650155711338e-05 1.957558441558441473e+03 5.228420072518476047e+01
3.988742774945142761e-02 6.864886435371258416e-05 1.959570719602977761e+03 5.299890689473715355e+01
4.012278533538721215e-02 6.997066240485112700e-05 1.966241545893719831e+03 5.087215402801945174e+01
4.035757945334737112e-02 6.763234382336403173e-05 1.964861386138613852e+03 5.177213734693643943e+01
4.059262090047784100e-02 7.047756166092368556e-05 1.971915887850467243e+03 5.352484111581325976e+01
4.082512016076288858e-02 6.496092607463988043e-05 1.970158690176322352e+03 4.923355026360952991e+01
4.105717491102069128e-02 7.111181249420595236e-05 1.979086560364464731e+03 5.112051501380633312e+01
4.129381576814993016e-02 6.732684386414472533e-05 1.978445238095237983e+03 5.146381497421931783e+01
4.152473579130346731e-02 6.726668318915885337e-05 1.980745283018867894e+03 5.293630998415304134e+01
4.175787959977999425e-02 6.911235940839533670e-05 1.980095890410958873e+03 4.970892601260691634e+01
4.199237839299468922e-02 6.860112016482474860e-05 1.982546082949308811e+03 5.083995227693129948e+01
4.222717975068539242e-02 7.045110183040372183e-05 1.979061946902654881e+03 5.304613385847299867e+01
4.246249924109424950e-02 6.709506009279194230e-05 1.973441647597253905e+03 4.954800745442007326e+01
4.269335040669582776e-02 6.700621335665329654e-05 1.969904328018223168e+03 5.117743234184661816e+01
4.292717084091476204e-02 6.896437123237502613e-05 1.967358407079645986e+03 5.049842932062294665e+01
4.316007288560289035e-02 6.735835804845247382e-05 1.963068337129840529e+03 4.779838585887099356e+01
4.339440191910803879e-02 7.037245596857638261e-05 1.948978354978354901e+03 4.960560386547867751e+01
4.363144753970988471e-02 6.826143681517027339e-05 1.941190687361419123e+03 5.115666107603693291e+01
4.386107962274469335e-02 6.624164794214468591e-05 1.936653669724770680e+03 4.998011893271065276e+01
4.409573705596323001e-02 7.170940769140793695e-05 1.926209643605870042e+03 4.954292646219231955e+01
4.433534367545302612e-02 6.775590854826653211e-05 1.917063596491228054e+03 4.634860799822736510e+01
4.456682912223779158e-02 6.610492296161660122e-05 1.903457589285714221e+03 4.705853715495776868e+01
4.479780304487864656e-02 6.786442677967826091e-05 1.894973741794310627e+03 4.688774850461710741e+01
4.503013318854280633e-02 6.853635641818868680e-05 1.880370370370370438e+03 5.059694651389844466e+01
4.526436263630335272e-02 6.918514626283685297e-05 1.863882226980728092e+03 5.044819261943170119e+01
4.549984770861909000e-02 6.833630877532204714e-05 1.848546038543897112e+03 4.662448066682888026e+01
4.573057769171592901e-02 6.540293680537103750e-05 1.833812917594654891e+03 4.926769063744837496e+01
4.596282480080345761e-02 6.990247096589263711e-05 1.817914225941422501e+03 4.996566598350079857e+01
4.619732296389236076e-02 6.786250507108923557e-05 1.800248917748917847e+03 4.643746955570770041e+01
4.643258444511101646e-02 7.033191385126720280e-05 1.785051546391752481e+03 4.710345628062354706e+01
4.666845704786030252e-02 6.692058153033048496e-05 1.768150862068965580e+03 4.655765776759393759e+01
4.689934413756127740e-02 6.802189408205146866e-05 1.743936305732484016e+03 4.247152225565682215e+01
4.713438507358027468e-02 6.944147399833233919e-05 1.727270661157024733e+03 4.411781779746016952e+01
4.736795136815064727e-02 6.656957436849283657e-05 1.700220556745181966e+03 4.414213230165744051e+01
4.759859747438226207e-02 6.769763208725077138e-05 1.686867368421052561e+03 4.576814593438834322e+01
4.783274694655795245e-02 6.928267493286968941e-05 1.668247422680412456e+03 4.511215249216503764e+01
4.806634396749334681e-02 6.807281927440189521e-05 1.645238493723849388e+03 4.278368403590941682e+01
4.830248047396420996e-02 6.966332651828869844e-05 1.622171370967741950e+03 4.338092259552963981e+01
4.853643200824572096e-02 6.606102041943429451e-05 1.598913319238900613e+03 4.521057986266092144e+01
4.876414520816241271e-02 6.613248851928526920e-05 1.580254777070063710e+03 4.477463457511115053e+01
4.899792577344610350e-02 7.109046729717630826e-05 1.555857425742574151e+03 4.591937816702179020e+01
4.923470399315162116e-02 6.843725681761876167e-05 1.535403292181069901e+03 4.414678933151603957e+01
4.947209300203903731e-02 7.062440267994869150e-05 1.510947162426614568e+03 4.283730018087725000e+01
4.970767414357019076e-02 6.568520737628115111e-05 1.484482254697285953e+03 4.078985509336651205e+01
4.993955421601320444e-02 6.870069007268534431e-05 1.461531062124248592e+03 3.934442230267283236e+01
5.017343134654914799e-02 6.784437425331957467e-05 1.441002020202020276e+03 4.018573041880573271e+01
5.040364307755263590e-02 6.549987049623397846e-05 1.415540540540540633e+03 4.064978973384000938e+01
5.063525219032424807e-02 6.906177440634427543e-05 1.395294466403162005e+03 3.936477877806144221e+01
5.087248401921887209e-02 6.982607771126056830e-05 1.370876470588235406e+03 3.914202631137142419e+01
5.110824603904627617e-02 6.828347019243583200e-05 1.348716566866267385e+03 4.169340784354923812e+01
5.134041616444540157e-02 6.749734166748146504e-05 1.323923999999999978e+03 3.677801071292464741e+01
5.157233759481640728e-02 6.701141620730611365e-05 1.301691382765530989e+03 4.035017474387237968e+01
5.180603234918396832e-02 6.902301690403682475e-05 1.282522417153996003e+03 4.037993331908279515e+01
5.204093912643181080e-02 6.858285367200194556e-05 1.256799607072691515e+03 4.066254725868521547e+01
5.227550176404114485e-02 6.841128413638082530e-05 1.240140350877192986e+03 3.577883207613680128e+01
5.250874134631969281e-02 6.710124584087647154e-05 1.214453648915187387e+03 3.662702127086471648e+01
5.273983379343173683e-02 6.699865505256583098e-05 1.188534791252485093e+03 6.486017497740864712e+01
5.297309563147201833e-02 7.004200559247158596e-05 1.170954459203036095e+03 3.647264737585631167e+01
5.320870841843343413e-02 6.736639692893721994e-05 1.151818003913894245e+03 3.595697288369419198e+01
5.344158726524587955e-02 6.810737650478912789e-05 1.133131021194604955e+03 3.551835319167916083e+01
5.367526270033567970e-02 6.805918753122887452e-05 1.107849710982658962e+03 3.382683225317515507e+01
5.391026527670270824e-02 6.883326900963864436e-05 1.087640684410646372e+03 3.595409858966679906e+01
5.414369868353056253e-02 6.749358219613563344e-05 1.067377649325626180e+03 3.477683763926597038e+01
5.437486949081267451e-02 6.641570492905651368e-05 1.049957198443579728e+03 3.420182190644583642e+01
5.460633195359332337e-02 6.803263502740879241e-05 1.028866920152091325e+03 3.358303797741342578e+01
5.484155575107002578e-02 6.931669974032373370e-05 1.011765917602996296e+03 3.390003771881437444e+01
5.507758596231705078e-02 6.905344121730599505e-05 9.925328330206378951e+02 3.260121224553387975e+01
5.531123208233620220e-02 6.772891677133621323e-05 9.744905303030302548e+02 3.131784886516508948e+01
5.554365515600671876e-02 6.719762712666427933e-05 9.558552380952380645e+02 3.380348962919525491e+01
5.577734969999190856e-02 6.950070055363419556e-05 9.379447513812154966e+02 3.188423718155658548e+01
5.601099427749139242e-02 6.700515619549475674e-05 9.216895238095238483e+02 3.487081142363054909e+01
5.624621814925619134e-02 7.010497752434535551e-05 9.033519855595667423e+02 3.066829978259233513e+01
5.648196424828423601e-02 6.688681858197991978e-05 8.874011299435028377e+02 3.419741514146607386e+01
5.671540211382259528e-02 6.857993554508776460e-05 8.720386740331491637e+02 3.189041510457425588e+01
5.695057597478152267e-02 6.911508132478911160e-05 8.560709090909091401e+02 3.131936100168262627e+01
5.718334936048233286e-02 6.546013463055807180e-05 8.385559772296014671e+02 3.060381140607594830e+01
5.741421041024297178e-02 6.793445858109002969e-05 8.235766423357664507e+02 2.969649877566837048e+01
5.764613918380164653e-02 6.637197386990278968e-05 8.090674157303370748e+02 2.912418973650488141e+01
5.788167249397389164e-02 7.061552392955100337e-05 7.951161971830986204e+02 2.921976730534818500e+01
5.811737136754223376e-02 6.704761694123777174e-05 7.804436229205175550e+02 2.936827082233925168e+01
5.834837921127641880e-02 6.699294913716081861e-05 7.678529411764706083e+02 2.934380659912143940e+01
5.858116591208732682e-02 6.832957605342608631e-05 7.532086330935252363e+02 2.714128393268874717e+01
5.881666226357543104e-02 6.848621822711322728e-05 7.373703041144901817e+02 2.839605270486023514e+01
5.905135363872197202e-02 6.777347974127791586e-05 7.247039711191335982e+02 2.881254475190638331e+01
5.928387195222793726e-02 6.772469370990553635e-05 7.114946043165467700e+02 2.824763561816573798e+01
5.951647621897535045e-02 6.683838279782646321e-05 7.002649727767694685e+02 2.718864590834126460e+01
5.974911582084686118e-02 6.869520850335110538e-05 6.885663716814159443e+02 2.797221527366318128e+01
5.998323909506843993e-02 6.775808722689177679e-05 6.765223613595707093e+02 2.607783837786773518e+01
6.021684065425213228e-02 6.821508261215899929e-05 6.644477876106194572e+02 2.765239855883855569e+01
6.045118304879574384e-02 6.844978444519072473e-05 6.544929577464788508e+02 2.739173518268222196e+01
6.068596061100132305e-02 6.815720570038588807e-05 6.404328621908126706e+02 2.550339067132047077e+01
6.092170969789185986e-02 6.974114108008298168e-05 6.312161234991423271e+02 2.480102583788977100e+01
6.115588848048909842e-02 6.553171796432443320e-05 6.176859205776173667e+02 2.691908708110164383e+01
6.138574783689496051e-02 6.713556217832948266e-05 6.093216168717046912e+02 2.507435220228852657e+01
6.161712726612254831e-02 6.659023579644488087e-05 5.983161634103020106e+02 2.491698611978868527e+01
6.184947732418764887e-02 6.842032557768410134e-05 5.881525129982668432e+02 2.495766715233155253e+01
6.208512874242018420e-02 6.932646695378516153e-05 5.789230769230769056e+02 2.316851907511833986e+01
6.232030440033373142e-02 6.786811594346220963e-05 5.670017421602786953e+02 2.419181478184355427e+01
6.255454887890503357e-02 6.903232039090102389e-05 5.591499148211244119e+02 2.496600610160449918e+01
6.279030404341265359e-02 6.817541082358109035e-05 5.492680412371133798e+02 2.345967709706821580e+01
6.302442562177140717e-02 6.783890935135950873e-05 5.414075342465753238e+02 2.595228809770150136e+01
6.325799215551787535e-02 6.707804214318665616e-05 5.296660929432014200e+02 2.409801014931515439e+01
6.349026508375751887e-02 6.699336420408434482e-05 5.227305699481864849e+02 2.275235376545702337e+01
6.372409184272515015e-02 6.892879157383024775e-05 5.151742043551088273e+02 2.396092075728149240e+01
6.395793742953777283e-02 6.642518885272369008e-05 5.052409012131715826e+02 2.224695004245864283e+01
6.419031457975818422e-02 6.826620328541081642e-05 4.951457286432161027e+02 2.314195749161807925e+01
6.442283327309653029e-02 6.576027226970875277e-05 4.888076256499133478e+02 2.242516745329070460e+01
6.465485140213383941e-02 6.860083938040020173e-05 4.792842809364548771e+02 2.102128864088283322e+01
6.489057688868674068e-02 6.918162283112673440e-05 4.720827814569536258e+02 2.175206253859914085e+01
6.512677614053768993e-02 6.800662934234975800e-05 4.634790619765494171e+02 2.224466011004730603e+01
6.535916383847417688e-02 6.723036061670840198e-05 4.572900505902192094e+02 2.147257560513330432e+01
6.559238943166004199e-02 6.775429361515336514e-05 4.494233333333333462e+02 2.287596616053140508e+01
6.582758612999557724e-02 6.859118299963685495e-05 4.412791461412151079e+02 2.201760097169219677e+01
6.606077625847779633e-02 6.646968386304463305e-05 4.327436762225969460e+02 2.014700537051994189e+01
6.629499012582010242e-02 6.873985157622226514e-05 4.265032573289902302e+02 2.010388316901502392e+01
6.652802461243248477e-02 6.667147267887053093e-05 4.214873949579832129e+02 2.178374009514925547e+01
6.676018753795931460e-02 6.790988101603729471e-05 4.135402298850574994e+02 2.077713489186563223e+01
6.699409877892320564e-02 6.752760488477305384e-05 4.044351395730706145e+02 2.016044523255605725e+01
6.722746570366622265e-02 6.715296906548569008e-05 3.993169129720853903e+02 2.045657632943746407e+01
6.746032149556230317e-02 6.698676487551811836e-05 3.927392739273927305e+02 2.045914969385264826e+01
6.769235389026706518e-02 6.820371575645631246e-05 3.857214983713354854e+02 2.013347552404482599e+01
6.792641117254087646e-02 6.820173351531172944e-05 3.790178861788617724e+02 2.047023701564703657e+01
6.816107073590284282e-02 6.878058967958357989e-05 3.733092948717948616e+02 2.035347161312080644e+01
6.839600153518463066e-02 6.745423942297350728e-05 3.665996758508914013e+02 1.990637403155865925e+01
6.862947544649959652e-02 6.741836193410811529e-05 3.604142394822006281e+02 1.994613981244337353e+01
6.886076050521675040e-02 6.695139243677821319e-05 3.545154975530179513e+02 1.825421439063452311e+01
6.909448405671331228e-02 6.857937925099385861e-05 3.480826709062002919e+02 1.882045464832789960e+01
6.933147198058889349e-02 6.945851940459737387e-05 3.422895148669796299e+02 1.908877740844345539e+01
6.956615814272766596e-02 6.659838482515636180e-05 3.378536585365853853e+02 1.863464222725871622e+01
6.979892421020185422e-02 6.845449894488580623e-05 3.300881889763779782e+02 1.802959725930544721e+01
7.003324628087082004e-02 6.708437855477542738e-05 3.246932907348243020e+02 1.878173799964353918e+01
7.026696723216839524e-02 6.749325677359571186e-05 3.206708860759493405e+02 1.828779315458783472e+01
7.049943687314187690e-02 6.712218498041330988e-05 3.149392971246006141e+02 1.804753364278993999e+01
7.073256586487845776e-02 6.824893734348157486e-05 3.087896389324960751e+02 1.776590322818308465e+01
7.096739529320396367e-02 6.805665211298504431e-05 3.017796875000000227e+02 1.846194208809198756e+01
7.119963565831700925e-02 6.604383357070072315e-05 2.989471153846153584e+02 1.757621690005421655e+01
7.143251491571993295e-02 6.833023575511234995e-05 2.927105263157894797e+02 1.788809292069950274e+01
7.166748936443330387e-02 6.797747120010720200e-05 2.873847352024922088e+02 1.663888752591289588e+01
7.190239887094113103e-02 6.812567208000406508e-05 2.819302325581395507e+02 1.714397720979696871e+01
7.213564083891418899e-02 6.727815908267241148e-05 2.770843750000000227e+02 1.620698769652499394e+01
7.236775266651256089e-02 6.677609510169290425e-05 2.722382445141066114e+02 1.638037404114608009e+01
7.260248712279285255e-02 6.869830537591529508e-05 2.678409090909090651e+02 1.681468227308810981e+01
7.283623165966979229e-02 6.586822544777081725e-05 2.637291338582677440e+02 1.664218812070248887e+01
7.306707252174290956e-02 6.700747180961246050e-05 2.594976744186046744e+02 1.650354644461863529e+01
7.329949258276330371e-02 6.772475651974369101e-05 2.542211981566820214e+02 1.607883652887437620e+01
7.353390515197159860e-02 6.826447305255654060e-05 2.489221374045801554e+02 1.564413170201471814e+01
7.377004759623378982e-02 6.923659859914002232e-05 2.449985052316890801e+02 1.593052916126586815e+01
7.400585793887086428e-02 6.684871515157072869e-05 2.386257668711656379e+02 1.577979764207707447e+01
7.423882513885866896e-02 6.705699330302101503e-05 2.331981707317073074e+02 1.489636127485878170e+01
7.447179934364664411e-02 6.729631389406922585e-05 2.303252279635258333e+02 1.497702021141130402e+01
7.470386502595725842e-02 6.677743912390293128e-05 2.267661538461538555e+02 1.437985885982204159e+01
7.493684316276932877e-02 6.880723494932199492e-05 2.226478454680535037e+02 1.529036383423733980e+01
7.517114345002372244e-02 6.635401491145231717e-05 2.172201834862385397e+02 1.438576820515322119e+01
7.540400894130300236e-02 6.796181942783490750e-05 2.135522388059701484e+02 1.465886843185324295e+01
7.563888952420828871e-02 6.793007447686484233e-05 2.103159463487332346e+02 1.399219152693402002e+01
7.587212767299332528e-02 6.666720262525264009e-05 2.044506828528072901e+02 1.475328711992851538e+01
7.610444662739059007e-02 6.812128212821508440e-05 2.016814814814814838e+02 1.402950330421440661e+01
7.633840355552658219e-02 6.704448074672975544e-05 1.974812030075187863e+02 1.418998356040321340e+01
7.657294088866806181e-02 6.913426714198188134e-05 1.940917030567685515e+02 1.379266910795420920e+01
7.680909613855584073e-02 6.745120118354667115e-05 1.889733727810650805e+02 1.318678366532773083e+01
7.704345247504407190e-02 6.715677607695802020e-05 1.851671597633136059e+02 1.368632529781304896e+01
7.727476474555629304e-02 6.635027155862049334e-05 1.814152923538230766e+02 1.379423533586644801e+01
7.750787862388756888e-02 6.818542687846034010e-05 1.786461988304093609e+02 1.274210145872679334e+01
7.774237043501058819e-02 6.813069542586966778e-05 1.753781021897810319e+02 1.305074037304875745e+01
7.797665167592943147e-02 6.707760415591992138e-05 1.717621145374449441e+02 1.303824852597036887e+01
7.821051974065167112e-02 6.733218681971041611e-05 1.667708029197080180e+02 1.288805177789316581e+01
7.844387394979719652e-02 6.745944882601931131e-05 1.646175182481751733e+02 1.270337660148774894e+01
7.867743152837132492e-02 6.749240172701480983e-05 1.601781021897810149e+02 1.275327063446729348e+01
7.890970530980039033e-02 6.748164380015466649e-05 1.571851311953352877e+02 1.266274081932567164e+01
7.914414745391105954e-02 6.806851035759457725e-05 1.544942528735632266e+02 1.244149938669106525e+01
7.937949292746850072e-02 6.797541296510754361e-05 1.514066091954022966e+02 1.288506532165212626e+01
7.961030015032465046e-02 6.738864298828837172e-05 1.481363636363636260e+02 1.293034155706527244e+01
7.984598519055025045e-02 6.790561728139939753e-05 1.445218068535825466e+02 1.183918177472012623e+01
8.007687882222253029e-02 6.447056716295559542e-05 1.415555555555555429e+02 1.223797576722400748e+01
8.030494588125068611e-02 6.608834776223229527e-05 1.387652027027027088e+02 1.211927828067984159e+01
8.054004005809645150e-02 6.984151446891397389e-05 1.355041050903119810e+02 1.158631091963177617e+01
8.077714850029885096e-02 6.767392876517773568e-05 1.325008635578583664e+02 1.195654556079887421e+01
8.101269351174554545e-02 6.824941035471516354e-05 1.295328719723183326e+02 1.105815144269519124e+01
8.124499042027705231e-02 6.566391543360840461e-05 1.260987202925045665e+02 1.152636020474220402e+01
8.147763778805076906e-02 6.850612538316699495e-05 1.237482142857142833e+02 1.065541834237494179e+01
8.171370565696982335e-02 6.843303816104012401e-05 1.205189873417721458e+02 1.094937963184848506e+01
8.194644813657113447e-02 6.527704147071792412e-05 1.176622137404580144e+02 1.086566779947872519e+01
8.217941383646631959e-02 6.844304487629756508e-05 1.154778597785977894e+02 1.080596324513489392e+01
8.241354877640369447e-02 6.643977738405588268e-05 1.126634429400386779e+02 1.089443831938958063e+01
8.264613760478992099e-02 6.785385497585561844e-05 1.103339731285988421e+02 1.075982991616785078e+01
8.288072046378301694e-02 6.777539431253258432e-05 1.069284332688587966e+02 1.062926150417845683e+01
8.311212554025591837e-02 6.484000319727093505e-05 1.052673469387755034e+02 1.012042236131206963e+01
8.334638570633212673e-02 7.022221827522090226e-05 1.017662835249042104e+02 1.007968755916327730e+01
8.358704646049577858e-02 6.663645268385280900e-05 9.991064638783269913e+01 9.827670161897831491e+00
8.382143415227705230e-02 6.846312793730281276e-05 9.837347294938918196e+01 1.026647148522964059e+01
8.405591962697228636e-02 6.576640212805385805e-05 9.602451838879159141e+01 1.007169407164254515e+01
8.428680641257924044e-02 6.623286801922068177e-05 9.248885077186963599e+01 9.623278521581214662e+00
8.452023012686848968e-02 6.905229191131505512e-05 9.113570274636509794e+01 1.006920613716477675e+01
8.475508438648238219e-02 6.596024294369417270e-05 8.841254125412541498e+01 9.287956397353863025e+00
8.498773362002838561e-02 6.745598113771460842e-05 8.661014263074484631e+01 9.693292175568695157e+00
8.522017358652922425e-02 6.573424789204848628e-05 8.434991974317817665e+01 9.574416436812539288e+00
8.545345635918015492e-02 6.827530828384012593e-05 8.192331288343558526e+01 9.486031784360010377e+00
8.568838710074284937e-02 6.739557208403640777e-05 7.993883792048929138e+01 9.012181049570891389e+00
8.591990562469611903e-02 6.499275358868887781e-05 7.824024960998440292e+01 9.069263877789659034e+00
8.615047449966896365e-02 6.728541472914020762e-05 7.621706586826347518e+01 8.642928516756546387e+00
8.638537494001211070e-02 6.792206805344957186e-05 7.440942562592047693e+01 8.856289137811527823e+00
8.662074503924638291e-02 6.782280238804023608e-05 7.209649122807017818e+01 8.496966096856786166e+00
8.685381778459443092e-02 6.674020065135433848e-05 6.986510263929618247e+01 8.298275140127197247e+00
8.708770284767913816e-02 6.753597429739365476e-05 6.874964028776977898e+01 7.970917195390336829e+00
8.732212221979428202e-02 6.822332096859763445e-05 6.592045454545454675e+01 8.036799763528367890e+00
8.755723433992959603e-02 6.741755499607516103e-05 6.498430813124107885e+01 8.229917562032616374e+00
8.779078654295230377e-02 6.688902566296500132e-05 6.361659513590844028e+01 8.376244091531402702e+00
8.802385785273660057e-02 6.732631344927013264e-05 6.149858356940509907e+01 7.805714218295702445e+00
8.825920820130851718e-02 6.779425408112107370e-05 5.923735955056179847e+01 7.714363845726325053e+00
8.849234674886145846e-02 6.696150027325509799e-05 5.833758865248226755e+01 7.869322020538006335e+00
8.872137438766081186e-02 6.623799103067982519e-05 5.679640718562874468e+01 7.223662442175002418e+00
8.895429543332857014e-02 6.738487815592646569e-05 5.541474654377880427e+01 7.791782782156242426e+00
8.918772016087560262e-02 6.684333251713010609e-05 5.343062200956937602e+01 7.593454190166633921e+00
8.942216213337644826e-02 6.785239281137156507e-05 5.187761674718196758e+01 6.962121635270700715e+00
8.965567864572877854e-02 6.700437258479202294e-05 5.089850249584026898e+01 7.016465914880439136e+00
8.988740917090436156e-02 6.600763457825628208e-05 4.898970840480274092e+01 7.050288360565433621e+00
9.011975323533148730e-02 6.773804127286482647e-05 4.852372881355932321e+01 7.528667418204800121e+00
9.035608288166475932e-02 6.874767433980949428e-05 4.720707070707070585e+01 6.805961114331584128e+00
9.059423529262686237e-02 6.860051062213127538e-05 4.523817567567567721e+01 6.452615147276368646e+00
9.082806409944925441e-02 6.591920751229069322e-05 4.358098591549295975e+01 6.662362177022641774e+00
9.105979902993641129e-02 6.679468897932259346e-05 4.269930069930070005e+01 6.558102208881087414e+00
9.129435639159146076e-02 6.847518630411293563e-05 4.127101200686106353e+01 6.527478678530244771e+00
9.152650281439915492e-02 6.468590151769530185e-05 4.030308529945553886e+01 6.640726765855403002e+00
9.175728164276017451e-02 6.760337681272159235e-05 3.937696335078533849e+01 6.666311449469517036e+00
9.199104812749678284e-02 6.693583434796843623e-05 3.808525754884546899e+01 6.368772742350133242e+00
9.222507569997025201e-02 6.793803912847704170e-05 3.674250440917107596e+01 6.304605990755805855e+00
9.246186654200068411e-02 6.944239987391782215e-05 3.612089810017270963e+01 6.062948152135964719e+00
9.269596921447360860e-02 6.487594269754672440e-05 3.486187845303867050e+01 5.771509175497880229e+00
9.292703616442406223e-02 6.779858569529950100e-05 3.393992932862190770e+01 5.886124536650340744e+00
9.316059594520455234e-02 6.613368773353799079e-05 3.301092896174863256e+01 5.771443006825983879e+00
9.339538772676710121e-02 6.900293928083786957e-05 3.152280701754385817e+01 5.711135063357489550e+00
9.363035783291058511e-02 6.644185014357123227e-05 3.066848816029143876e+01 5.579420508610239970e+00
9.386245806937851266e-02 6.674446860279308080e-05 3.033453887884267530e+01 5.522180303987922478e+00
9.409440198891941276e-02 6.727128699980994470e-05 2.936265709156193893e+01 5.562781217484790375e+00
9.432822867807295897e-02 6.787030890533636790e-05 2.844404973357016075e+01 5.345842430349605046e+00
9.456450311453787339e-02 6.856686819874252005e-05 2.749825783972125492e+01 5.488822426541374533e+00
9.479870037226469093e-02 6.586042330461264486e-05 2.681294964028776917e+01 5.268229691912168278e+00
9.503065075680132423e-02 6.692670173723798215e-05 2.628596802841918390e+01 5.070593155393018137e+00
9.526552764507723037e-02 6.873817835408579122e-05 2.521217391304347899e+01 4.932117801851675587e+00
9.549948238481764662e-02 6.592497101293757838e-05 2.453357531760435606e+01 4.784211486734658791e+00
9.573145469357186021e-02 6.763779021303956466e-05 2.437213403880070572e+01 4.777012092918955233e+00
9.596344353397949500e-02 6.508803650637630216e-05 2.339010989010989050e+01 4.625794992222122204e+00
9.619719815228761073e-02 6.891878545311372979e-05 2.263350785340314175e+01 4.727785411680309302e+00
9.643338477973723011e-02 6.764486940942661787e-05 2.229946524064171243e+01 4.573033665628841504e+00
9.666686513379581236e-02 6.634527000553854632e-05 2.131760435571687751e+01 4.466600562461684021e+00
9.689804830612920583e-02 6.673844817570089385e-05 2.079602888086642665e+01 4.461780596062351556e+00
9.713211530402467153e-02 6.751532973417066546e-05 2.047670250896057453e+01 4.585639465795437353e+00
9.736750905795905908e-02 6.828413715794354373e-05 2.009074733096085552e+01 4.441887049187959846e+00
9.760254220852407347e-02 6.723724816253193984e-05 1.929549549549549425e+01 4.519593825773684515e+00
9.783729966421263191e-02 6.713292727370104079e-05 1.922563176895306825e+01 4.414862832284573102e+00
9.807012441261567237e-02 6.702921340280121982e-05 1.857454545454545425e+01 4.326455232177151444e+00
9.830432198494945539e-02 6.771531372861528232e-05 1.807747747747747624e+01 4.400603141696991294e+00
9.853663875749650580e-02 6.592920559052215760e-05 1.780811808118081174e+01 4.116803026129416843e+00
9.876785373964377945e-02 6.639572360800846391e-05 1.730712979890310876e+01 3.959047519836083495e+00
9.900171307164255807e-02 6.725503490443550815e-05 1.700909090909090793e+01 4.091224230286010233e+00
9.923465994738583928e-02 6.748068345197972770e-05 1.678467153284671554e+01 4.216187070897627898e+00
9.947119774122156755e-02 6.881988242762419612e-05 1.632915921288014260e+01 3.714730110326102785e+00
9.970633280334199877e-02 6.694105292138958260e-05 1.610091743119265928e+01 3.986111314362323021e+00
9.993728249839414768e-02 6.534832822620718473e-05 1.585393258426966234e+01 4.138623383403937872e+00
1.001703666773564594e-01 6.807110521762425154e-05 1.531046931407942324e+01 3.905912797094446720e+00
1.004042664217037195e-01 6.656925648346958700e-05 1.555000000000000071e+01 3.922678601084645056e+00
1.006397678263622197e-01 6.842954627529723277e-05 1.487927927927927918e+01 3.834361238836747177e+00
1.008742614643446667e-01 6.658751459513834290e-05 1.487569573283859015e+01 3.898895545490263626e+00
1.011048192716836602e-01 6.576603880257255797e-05 1.471939736346516092e+01 3.709282295775659488e+00
1.013390231998947122e-01 6.916081345207424958e-05 1.440681003584229458e+01 3.659587724762493721e+00
1.015727676549605663e-01 6.516705286347274908e-05 1.428652751423149958e+01 3.789033630074986725e+00
1.018063810355425147e-01 6.852265857895202593e-05 1.453164556962025245e+01 3.921062853683161542e+00
1.020425928562866541e-01 6.754985595762503701e-05 1.411233885819521205e+01 3.495922294047586032e+00
1.022745336203261940e-01 6.568464132683736977e-05 1.389753320683112037e+01 3.843811242735929667e+00
1.025079986564226969e-01 6.883363629312960503e-05 1.368050541516245566e+01 3.478175889178552804e+00
1.027413231873401389e-01 6.438235018542032870e-05 1.360460652591170749e+01 3.829913965162216272e+00
1.029738054843176154e-01 6.827106302290229681e-05 1.320765027322404350e+01 3.498512699636597389e+00
1.032091814552798248e-01 6.721742881697321279e-05 1.367411545623836133e+01 3.535835254968127117e+00
1.034439824047587719e-01 6.784155240531380992e-05 1.343807763401109057e+01 3.642685344899707633e+00
1.036790446583389369e-01 6.769644679304059084e-05 1.317158671586715890e+01 3.754508734069884390e+00
1.039108473112752701e-01 6.478868293181549987e-05 1.311175337186897849e+01 3.508489582139806995e+00
1.041435991355559865e-01 6.876976636486558856e-05 1.297818181818181849e+01 3.524128870731129126e+00
1.043796853337771446e-01 6.639151268194193886e-05 1.323120300751879697e+01 3.669062190181386907e+00
1.046125879328569097e-01 6.649047237023615630e-05 1.306390977443609103e+01 3.437107045877218159e+00
1.048449497528018554e-01 6.678671360180158550e-05 1.319887429643527277e+01 3.765180206395300377e+00
1.050782436420249349e-01 6.680234379189081782e-05 1.315471698113207566e+01 3.644191015779407739e+00
1.053121578057464591e-01 6.813810244029516923e-05 1.307208872458410376e+01 3.483061900180837167e+00
1.055465828127617189e-01 6.602091647410296903e-05 1.320303605313092987e+01 3.595400334353031191e+00
1.057784850233827734e-01 6.633866725893719138e-05 1.335227272727272663e+01 3.490199901329390730e+00
1.060121054701392146e-01 6.796601729703331872e-05 1.342565055762081805e+01 3.620201393292523218e+00
1.062489964857592228e-01 6.804532742857089987e-05 1.340782122905027940e+01 3.373987184278848694e+00
1.064814477792258851e-01 6.617151051899120408e-05 1.321223709369024846e+01 3.548261610747731165e+00
1.067134525370284776e-01 6.660088521860815184e-05 1.354924242424242387e+01 3.563352221137066511e+00
1.069489685164438514e-01 6.844070374709154171e-05 1.369685767097966789e+01 3.553130278993999358e+00
1.071833396191340243e-01 6.614921031534214753e-05 1.352390057361376741e+01 3.702093651722648815e+00
1.074169666915256866e-01 6.748748480923821868e-05 1.373545966228893001e+01 3.585313819189782869e+00
1.076507130258745892e-01 6.685365476994657339e-05 1.336174242424242387e+01 3.487876443079009903e+00
1.078822248577407661e-01 6.549492787243419399e-05 1.359689922480620083e+01 3.518982834554956973e+00
1.081158030820603549e-01 6.892691260091426855e-05 1.392804428044280485e+01 3.752519884284623242e+00
1.083502519132016478e-01 6.550174513790631484e-05 1.374081237911025077e+01 3.471634064488565929e+00
1.085838887651629364e-01 6.788279140540267611e-05 1.392336448598130794e+01 3.554063439446422112e+00
1.088167529892371671e-01 6.600576014251126192e-05 1.382432432432432456e+01 3.682064910284441606e+00
1.090505526263309127e-01 6.812007346507967362e-05 1.404887218045112718e+01 3.580119026954168948e+00
1.092866482205838569e-01 6.842382848130358576e-05 1.442723880597014841e+01 3.709505124555322997e+00
1.095204794082260541e-01 6.485319910623837047e-05 1.484405458089668528e+01 3.931769046918862642e+00
1.097528862015335477e-01 6.749182814616273797e-05 1.458458646616541365e+01 3.647477806981476611e+00
1.099860225771209649e-01 6.572661825364852677e-05 1.458994197292069650e+01 3.587981668978901695e+00
1.102199794899808571e-01 6.771853003694458301e-05 1.472693032015065917e+01 3.742697051321394852e+00
1.104527673679933375e-01 6.605954367090497955e-05 1.484139264990328755e+01 3.981056591655192989e+00
1.106846995336629863e-01 6.639466551207307780e-05 1.517692307692307629e+01 3.691700671256249677e+00
1.109195593734974006e-01 6.847264593218049594e-05 1.474531835205992536e+01 3.963340581627817993e+00
1.111563010475637298e-01 6.737417664069918785e-05 1.565654648956356709e+01 4.188737828286550169e+00
1.113901732397686445e-01 6.590926552890959188e-05 1.578571428571428648e+01 4.075778344312789514e+00
1.116201801113623215e-01 6.530710990471277541e-05 1.569335937500000000e+01 3.847825781480874952e+00
1.118544392406903287e-01 6.842920462665363923e-05 1.563602251407129451e+01 3.809000989372800738e+00
1.120919882620126512e-01 6.808645466680088396e-05 1.571563088512241002e+01 3.747636014333511678e+00
1.123255119325231172e-01 6.496953905756043762e-05 1.612156862745097996e+01 3.842125717218623393e+00
1.125569423960908616e-01 6.660855058776252613e-05 1.608620689655172242e+01 4.223453693898539640e+00
1.127891651266763745e-01 6.585219533195248219e-05 1.667898832684824839e+01 4.007461926691861187e+00
1.130234059678330849e-01 6.798907267284735661e-05 1.666540642722117127e+01 3.902508122794742462e+00
1.132592717752512051e-01 6.709286710082286605e-05 1.669407265774378502e+01 4.104221978121028513e+00
1.134925261196267493e-01 6.566405257712189627e-05 1.691634241245136039e+01 3.901590782556382475e+00
1.137232837453631684e-01 6.560285114491499190e-05 1.682812500000000000e+01 4.170605641392581830e+00
1.139571109036284086e-01 6.796742105221370610e-05 1.729356060606060552e+01 4.012006522724488988e+00
1.141916071219103018e-01 6.614694266841438333e-05 1.719066147859922111e+01 4.042215422095923216e+00
1.144245089960832934e-01 6.685048664461395486e-05 1.730961538461538396e+01 4.211810669109670613e+00
1.146574952630475680e-01 6.619094374413487093e-05 1.763424124513618807e+01 4.203683671632453489e+00
1.148904160535498264e-01 6.707792820933123690e-05 1.771621621621621756e+01 4.195281408962467040e+00
1.151265174722906764e-01 6.876668888584983865e-05 1.799623352165724910e+01 4.088933367508760242e+00
1.153617816491615961e-01 6.565260628400561250e-05 1.836274509803921617e+01 4.081103008813986577e+00
1.155936763096339220e-01 6.650816827874497729e-05 1.822823984526112184e+01 4.248403030969198468e+00
1.158258315634240476e-01 6.588797587536296874e-05 1.849607843137254903e+01 4.196634560910871947e+00
1.160597319175528663e-01 6.799461765561689208e-05 1.864380952380952294e+01 4.267939436013397980e+00
1.162950314370258531e-01 6.674923210542826858e-05 1.886434108527131670e+01 4.297865031792008850e+00
1.165287100714146457e-01 6.653530395956359987e-05 1.906589147286821628e+01 4.577249432469815638e+00
1.167624675326668082e-01 6.672669288532265567e-05 1.919767441860465240e+01 4.568818076030416897e+00
1.169963813879617426e-01 6.705354536925166775e-05 1.941972920696325033e+01 4.321539433806182551e+00
1.172296699541907350e-01 6.631902832571586392e-05 1.929629629629629761e+01 4.422223528297566375e+00
1.174633317010978645e-01 6.682263370538187562e-05 1.966472868217054426e+01 4.575944599120524536e+00
1.176963758561083428e-01 6.650269296166132736e-05 1.976171875000000000e+01 4.515314956105722644e+00
1.179299254124360069e-01 6.728363660691870959e-05 1.980851063829787151e+01 4.327915563123619691e+00
1.181661083576700799e-01 6.789566897107491888e-05 1.994072657743785726e+01 4.463384762509150505e+00
1.184002669641160965e-01 6.566520377029123803e-05 2.020628683693516692e+01 4.296374441064982008e+00
1.186327021679424165e-01 6.597848618172980106e-05 2.071568627450980316e+01 4.342785361745729489e+00
1.188650719869437794e-01 6.702715015157560143e-05 2.037087378640776691e+01 4.526627579539714397e+00
1.190988067061411609e-01 6.629343627726192692e-05 2.068493150684931337e+01 4.683517942866643580e+00
1.193323897405050432e-01 6.682302270376797710e-05 2.120077220077219948e+01 4.604916053490227590e+00
1.195656510531601519e-01 6.587317906801366991e-05 2.117348927875243803e+01 4.585070472177487311e+00
1.198002489216287991e-01 6.746592986415190997e-05 2.127619047619047521e+01 4.342092664543560687e+00
1.200336589500475559e-01 6.624896294229367234e-05 2.132688588007736996e+01 4.818782395575982314e+00
1.202657768623850848e-01 6.571795768306507403e-05 2.153875968992247891e+01 4.727407217880182699e+00
1.204994510404173019e-01 6.765105501654847969e-05 2.132645403377110682e+01 4.611455564603295088e+00
1.207339951349819807e-01 6.562727713419021691e-05 2.153653846153846274e+01 4.779532143922971876e+00
1.209680956947216668e-01 6.741732215622490954e-05 2.169532710280373777e+01 4.653816370767331456e+00
1.212006880373407286e-01 6.513848631823455568e-05 2.174230769230769056e+01 4.581151085292010983e+00
1.214319994211767589e-01 6.582807741597457144e-05 2.176996197718631265e+01 4.482525293416138368e+00
1.216656057203382851e-01 6.790283688671594779e-05 2.210536044362292074e+01 4.384289675816757104e+00
1.219007843250684425e-01 6.671568653291726767e-05 2.257518796992481214e+01 4.772368713494707038e+00
1.221369572323006136e-01 6.825324584029650993e-05 2.276599634369286917e+01 4.649863580066537772e+00
1.223726009556053707e-01 6.573836356997660114e-05 2.260113421550094515e+01 4.740414754908703898e+00
1.226056442391218609e-01 6.616532013731783344e-05 2.254237288135593076e+01 4.942673053847808085e+00
1.228388051323681396e-01 6.703161226424012367e-05 2.275186567164179152e+01 4.731750094333373902e+00
1.230707296013911628e-01 6.457171094849102578e-05 2.281467181467181504e+01 4.923551306055937715e+00
1.233029183635097059e-01 6.759810128202039419e-05 2.297601476014760280e+01 4.688382479124046931e+00
1.235379854409733719e-01 6.570013406878603220e-05 2.290322580645161210e+01 4.855593566612435019e+00
1.237724597817453503e-01 6.756544521848162354e-05 2.333703703703703880e+01 4.598710829073470840e+00
1.240061498949734248e-01 6.566505030106075010e-05 2.364190476190476176e+01 4.952790459259641231e+00
1.242390821888286201e-01 6.661632460395466447e-05 2.336278195488721821e+01 4.730390044295345042e+00
1.244711632953071079e-01 6.579076840955865762e-05 2.319619047619047691e+01 4.629921026052493893e+00
1.247054517839266963e-01 6.761591240357131126e-05 2.301858736059479682e+01 4.789011724452312713e+00
1.249410059021845570e-01 6.697188855875631079e-05 2.409005628517823538e+01 4.636458697988697253e+00
1.251741761334562164e-01 6.583601426366064431e-05 2.391825095057034289e+01 4.627041331818801062e+00
1.254072382360083560e-01 6.640543300240981869e-05 2.363773584905660385e+01 4.867311647830797838e+00
1.256410482936734796e-01 6.683584359234039823e-05 2.349060150375940026e+01 4.688099557450621013e+00
1.258745257397245465e-01 6.611238233520655145e-05 2.381558935361216811e+01 5.052373563466725059e+00
1.261080103941889519e-01 6.690937462473420770e-05 2.392870544090056129e+01 4.876951096008784070e+00
1.263406670927800235e-01 6.522594346067754308e-05 2.350671785028790950e+01 4.628571289201588002e+00
1.265732414590826360e-01 6.685572305932845820e-05 2.389453860640301386e+01 4.989251856510449556e+00
1.268080548800749052e-01 6.733690508414850442e-05 2.409550561797752977e+01 4.671257383337794167e+00
1.270422367608540493e-01 6.597699196562882616e-05 2.403809523809523796e+01 4.590523611689461880e+00
1.272759152751854195e-01 6.689135984813015558e-05 2.446804511278195449e+01 4.854058996800248771e+00
1.275094590884037760e-01 6.604831116682244026e-05 2.431106870229007555e+01 4.667290530638045887e+00
1.277431018946701968e-01 6.733257125615095616e-05 2.392857142857142705e+01 4.709455830695037371e+00
1.279782552164440979e-01 6.710085433560373114e-05 2.442857142857142705e+01 5.009523690404718010e+00
1.282131041449612319e-01 6.621149459998993162e-05 2.432765151515151558e+01 4.937227924877024776e+00
1.284458066838963242e-01 6.548314267397141550e-05 2.404022988505747094e+01 4.766621533887057893e+00
1.286783609577602794e-01 6.654865817496632442e-05 2.432386363636363669e+01 4.828486960653523674e+00
1.289128241661116614e-01 6.697900382933094643e-05 2.465849056603773448e+01 4.714458948331961885e+00
1.291446660323967432e-01 6.835636986838949068e-05 2.395061728395061706e+01 4.806281347909727053e+00
1.293786085608263359e-01 6.605676840398337884e-05 2.389473684210526372e+01 5.012353761701793253e+00
1.296108774202269776e-01 6.783588626387897994e-05 2.395271867612293093e+01 5.132063740070652358e+00
1.298443923619162221e-01 6.722079102470935436e-05 2.380999999999999872e+01 4.455157124052975703e+00
1.300782666066699345e-01 6.749263575799763530e-05 2.396373056994818640e+01 5.073413368598772344e+00
1.303119143017006376e-01 6.684139813301355590e-05 2.429427792915531370e+01 5.100224994123518485e+00
1.305459241900186751e-01 6.810036271421107158e-05 2.393296089385474801e+01 4.871053487038840224e+00
1.307796783027228849e-01 6.720238230322061351e-05 2.383529411764705941e+01 4.882324592405299590e+00
1.310139024467842916e-01 6.790776888182086793e-05 2.455555555555555713e+01 4.836913174990400854e+00
1.312472894800687517e-01 6.625173267803912932e-05 2.359554140127388422e+01 4.915602774321190083e+00
1.314776668789590652e-01 6.618039329338910079e-05 2.355298013245032962e+01 4.534709880690339645e+00
1.317137024266215872e-01 7.043903276921694031e-05 2.367301587301587418e+01 4.834070108308664793e+00
1.319503540721679857e-01 6.642835643525359449e-05 2.388395904436860206e+01 5.295995836431325543e+00
1.321828723734352895e-01 6.718390404847075217e-05 2.403412969283276368e+01 4.701932226726080799e+00
1.324147834979462757e-01 6.603244305163348776e-05 2.382978723404255206e+01 4.691798931585392296e+00
1.326480411947886795e-01 6.877844789332857034e-05 2.339930555555555713e+01 4.734799936619791261e+00
1.328820802110143862e-01 6.636907368294008079e-05 2.363868613138686214e+01 5.253732983977157822e+00
1.331148138063605602e-01 6.785609440944978998e-05 2.375362318840579690e+01 5.280192684231198363e+00
1.333495643154704868e-01 6.741119029024297674e-05 2.378888888888888786e+01 4.603845234855539204e+00
1.335835372037798285e-01 6.759745300131219899e-05 2.340377358490566095e+01 4.839772332084962159e+00
1.338176466306949530e-01 6.831218422516185137e-05 2.275378787878787890e+01 4.501578006150125155e+00
1.340512797922887300e-01 6.599048480043925120e-05 2.311023622047244075e+01 5.200705442021703817e+00
1.342814461297319739e-01 6.559979566974010292e-05 2.339919354838709609e+01 5.071615760326822375e+00
1.345160483007357966e-01 6.963532972159798605e-05 2.368093385214007895e+01 4.436108255902253994e+00
1.347536796152505323e-01 6.810829448341578071e-05 2.348987854251012308e+01 4.591496529913272617e+00
1.349871276635005723e-01 6.677996814749840085e-05 2.289999999999999858e+01 4.489107186661210669e+00
1.352194676899014514e-01 6.661700689138378795e-05 2.291139240506329244e+01 4.535863016386584512e+00
1.354521481550482465e-01 6.703309091722472405e-05 2.298283261802574984e+01 4.846535049652616500e+00
1.356860453582514059e-01 6.856354300475121723e-05 2.328205128205128105e+01 4.602427205544498356e+00
1.359211357373890650e-01 6.716967141125949588e-05 2.230396475770925235e+01 4.843966407517909190e+00
1.361540064088500035e-01 6.678503458520554067e-05 2.213004484304932618e+01 4.471814443190331723e+00
1.363867967184397567e-01 6.692559243115627019e-05 2.214155251141552583e+01 4.626089122489155159e+00
1.366219029817275776e-01 6.946138516611432591e-05 2.252702702702702808e+01 4.733370542074692544e+00
1.368567259414371073e-01 6.686962625770076724e-05 2.203773584905660243e+01 4.435989099175384531e+00
1.370879062713149799e-01 6.563798020853460155e-05 2.233816425120772919e+01 4.607632119865141540e+00
1.373197126983267125e-01 6.725671536427617889e-05 2.220772946859903385e+01 4.533437425445417723e+00
1.375555620768925402e-01 6.925260661464505163e-05 2.166507177033492937e+01 4.054780447447646097e+00
1.377899351687938978e-01 6.618070308676317348e-05 2.273604060913705638e+01 4.471574151493621585e+00
1.380219266012210066e-01 6.752809196460790695e-05 2.167336683417085297e+01 4.744445157713295558e+00
1.382545611228954419e-01 6.572577943118536358e-05 2.206806282722513046e+01 4.465213564701494775e+00
1.384888270319775960e-01 6.920592491137856391e-05 2.102040816326530503e+01 4.033620680408536607e+00
1.387251204069650523e-01 6.776599831776989474e-05 2.102645502645502518e+01 4.903240576148416352e+00
1.389591668919520073e-01 6.693609892524315735e-05 2.160540540540540633e+01 4.033508297895169292e+00
1.391904057199591371e-01 6.569416018844522961e-05 2.124581005586592042e+01 4.406971475326912469e+00
1.394227790925808841e-01 6.774421325864447493e-05 2.074444444444444358e+01 4.850537707242643215e+00
1.396572113000431603e-01 6.854202640791657957e-05 2.092134831460674249e+01 4.559112510176119848e+00
1.398913498476041517e-01 6.688348527294887597e-05 2.103468208092485625e+01 4.534279575559652109e+00
1.401247906031993506e-01 6.646051683429370267e-05 2.007647058823529562e+01 4.231591518803169194e+00
1.403591895729549288e-01 6.805811419343037823e-05 2.169230769230769340e+01 4.436062748455942284e+00
1.405953485464094266e-01 6.905228462272873535e-05 2.078571428571428470e+01 4.456850951979801856e+00
1.408299829100064793e-01 6.644350311483485528e-05 2.052499999999999858e+01 4.631701226331422561e+00
1.410591665228413116e-01 6.501076246847150089e-05 1.998709677419354946e+01 4.364047610930505527e+00
1.412893301143412494e-01 6.674759269244742439e-05 2.025806451612903203e+01 4.982508426337313168e+00
1.415237124881587039e-01 6.927971403152424041e-05 2.009554140127388422e+01 4.467620535681360749e+00
1.417608398927272528e-01 6.767011984472880734e-05 1.976973684210526372e+01 4.338255869461788983e+00
1.419948711733081126e-01 6.643728084900887214e-05 1.966666666666666785e+01 3.960977455581905726e+00
1.422257950142377936e-01 6.614300048882033553e-05 1.910489510489510323e+01 4.056016396750580455e+00
1.424611599372695714e-01 6.976859826068063314e-05 1.895238095238095255e+01 4.633227411028563836e+00
1.426969880138435620e-01 6.713456917550140600e-05 1.927338129496402885e+01 4.615336407987447487e+00
1.429290483303200521e-01 6.598668785333661462e-05 1.911029411764705799e+01 3.825663996916225607e+00
1.431615992067113707e-01 6.674925674210528508e-05 1.929104477611940283e+01 4.179677466049859902e+00
1.433977864542690939e-01 6.958273395422789138e-05 1.875000000000000000e+01 4.673336445133365658e+00
1.436356797294852938e-01 6.762859419149515740e-05 1.829230769230769127e+01 3.993441368606410968e+00
1.438647788032675900e-01 6.395074090213278628e-05 1.852066115702479365e+01 4.797312443428255690e+00
1.440939223050132778e-01 6.721088340672915884e-05 1.811199999999999832e+01 4.552400685352730569e+00
1.443302270800670972e-01 6.810715064994765275e-05 1.816260162601626149e+01 4.509169131102957806e+00
1.445647386873331885e-01 6.765147823845471715e-05 1.841176470588235148e+01 4.275428421323712591e+00
1.448001674656267668e-01 6.812041505588835896e-05 1.764406779661016955e+01 3.710606551054802971e+00
1.450305141697986189e-01 6.417457142913943864e-05 1.743119266055045813e+01 4.539495523859875981e+00
1.452619539705164164e-01 6.860711380950888425e-05 1.772807017543859587e+01 4.794274953519842342e+00
1.454988966656826088e-01 6.757751339465679083e-05 1.766055045871559770e+01 4.047992953169512020e+00
1.457319267282644326e-01 6.746225896059649557e-05 1.748113207547169878e+01 4.423291052823119074e+00
1.459689564871680389e-01 6.919146774834719811e-05 1.669158878504672927e+01 3.854253650543140619e+00
1.462029517945844237e-01 6.518587451146425451e-05 1.632653061224489832e+01 4.127901021965888262e+00
1.464348845068329241e-01 6.893025110561780433e-05 1.625742574257425588e+01 3.809270032766269409e+00
1.466710325229612644e-01 6.703672746630305742e-05 1.723958333333333215e+01 4.159238169758708636e+00
1.469003469776316018e-01 6.495976429229445050e-05 1.641758241758241610e+01 4.008986403576331625e+00
1.471326263642964982e-01 6.784892292542188277e-05 1.632258064516129181e+01 4.019636159229353467e+00
1.473683745226096187e-01 6.734190408583911583e-05 1.604494382022472010e+01 3.885821487828965637e+00
1.476018743975685277e-01 6.760693685313507080e-05 1.567816091954023072e+01 4.178030480659275625e+00
1.478377306130267688e-01 6.772451548086767131e-05 1.600000000000000000e+01 3.955636336106923778e+00
1.480669483097254435e-01 6.431970194966852195e-05 1.608974358974359120e+01 4.371324886384837072e+00
1.482973419064994303e-01 6.861360276277018620e-05 1.634567901234568055e+01 4.549680041207980530e+00
1.485364113895124294e-01 6.936560494550093024e-05 1.582278481012658311e+01 3.951192372750247817e+00
1.487716162219679672e-01 6.677093946461412058e-05 1.551351351351351404e+01 4.155751468780378488e+00
1.490077522787839059e-01 6.871676643346850033e-05 1.532432432432432456e+01 3.627113625260153906e+00
1.492393961896789634e-01 6.506416229580026540e-05 1.508955223880596996e+01 3.762644827987575269e+00
1.494701913811684602e-01 6.907736733736162202e-05 1.452173913043478315e+01 3.733396344773852960e+00
1.497045353405743462e-01 6.634691779689233710e-05 1.409375000000000000e+01 3.876070920565051203e+00
1.499337638884900847e-01 6.630672807533855592e-05 1.414516129032258007e+01 3.711009578480132021e+00
1.501708286181911156e-01 6.972377942578611605e-05 1.436507936507936556e+01 4.045315248508273953e+00
1.504045133699344061e-01 6.505456575143086920e-05 1.394642857142857117e+01 3.136153565065567861e+00
1.506393971018608890e-01 7.070153912039902559e-05 1.422033898305084776e+01 3.632144466727074139e+00
1.508747560046925229e-01 6.361798606692725948e-05 1.382352941176470651e+01 3.781366321478094150e+00
1.511033451723478305e-01 6.822425875258773191e-05 1.369230769230769162e+01 3.628861950151098803e+00
1.513430592404528541e-01 6.953071659907809779e-05 1.380392156862745168e+01 3.813914507136096699e+00
1.515751618564359637e-01 6.342734358875888579e-05 1.272727272727272663e+01 4.357476713166133386e+00
1.518045724547506525e-01 6.938126820492401424e-05 1.410869565217391219e+01 3.974279309541007166e+00
1.520480234761667215e-01 6.976967995741814512e-05 1.309090909090909172e+01 3.473036635435102326e+00
1.522777008011769462e-01 6.272216552833166940e-05 1.302702702702702631e+01 2.514820932854728408e+00
1.525061322319957446e-01 6.929360622917626303e-05 1.407692307692307665e+01 3.792185466382127945e+00
1.527427011500204213e-01 6.666422581467422144e-05 1.257142857142857117e+01 3.707686445144762644e+00
1.529726548169981215e-01 6.665749530051660659e-05 1.284848484848484773e+01 4.079107556476083474e+00
1.532134048917648539e-01 7.071407902998622368e-05 1.248484848484848442e+01 3.570617774946773348e+00
1.534434790603389775e-01 6.011232516833131041e-05 1.376923076923077005e+01 3.904556585603225827e+00
1.536710418380370924e-01 6.976616835160736295e-05 1.332142857142857117e+01 3.377597262153396951e+00
1.539149550629408947e-01 6.925196045819559246e-05 1.132000000000000028e+01 3.422046171517853619e+00
1.541445478244997391e-01 6.478862577215637321e-05 1.152380952380952372e+01 2.714703393093185646e+00
1.543780235396354228e-01 7.053413531437874686e-05 1.138095238095238138e+01 3.354693466468769980e+00
1.546059873932826012e-01 5.909742656752603256e-05 1.118750000000000000e+01 2.419000310045453794e+00
1.548370283320493757e-01 7.086429496304842972e-05 1.023529411764705799e+01 4.181852373453228466e+00
1.550799786572540917e-01 6.540043890405022008e-05 1.030769230769230838e+01 3.317516715822741880e+00
1.553036635055988490e-01 6.758474544596143726e-05 1.063636363636363669e+01 3.505603542665244099e+00
1.555456416189227586e-01 7.341490814454251594e-05 4.000000000000000000e+00 3.768288736283354368e+00
1.557790343018141677e-01 5.399834121423047510e-05 5.000000000000000000e-01 8.164965809277260345e-01
1.559999688717171595e-01 6.566134794291481655e-05 2.000000000000000111e-01 4.472135954999580387e-01
1.562567987100282052e-01 8.033505465450464550e-05 3.333333333333333148e-01 5.773502691896257311e-01
