# q qerr I(q) I(q)err
3.001749291795529316e-03 1.167853270244704247e-04 6.251066666666666606e+03 4.159026174977519986e+03
3.216946015612575076e-03 6.406021311444656113e-05 1.055365217391304395e+04 2.636932718866964933e+03
3.430819248455692968e-03 7.252053699931147659e-05 9.595413793103447460e+03 1.657302747463450260e+03
3.672101494117159613e-03 7.545375631879780269e-05 8.032515151515151956e+03 9.528690713288967800e+02
3.918307832378639319e-03 7.374016049620304720e-05 6.627579439252336670e+03 5.199786988286793985e+02
4.147718136434350687e-03 6.107192035677698103e-05 5.549505263157894660e+03 3.696560172380972062e+02
4.365502826808959243e-03 6.779080658174564808e-05 4.724439252336448590e+03 3.127915132939434102e+02
4.594999596112334626e-03 7.420628290313399807e-05 3.996422764227642347e+03 2.746417095234342014e+02
4.835936192065706969e-03 7.320149930589021881e-05 3.360373015873015902e+03 2.143491781388681545e+02
5.080814687701338921e-03 7.653000632488168636e-05 2.844881944444444343e+03 1.885519357240274303e+02
5.317078266608570546e-03 6.172106439101172914e-05 2.419959349593495972e+03 1.308920847662367350e+02
5.551471060931053268e-03 7.668524467813574576e-05 2.086290123456790297e+03 1.301195474615979037e+02
5.788366925541485984e-03 6.194770960560404868e-05 1.802896296296296214e+03 9.697534793438941847e+01
6.009776342023025880e-03 6.950277321810145736e-05 1.570993548387096780e+03 8.944798405910135841e+01
6.247094567316056890e-03 7.317752475420629581e-05 1.364660818713450226e+03 7.768458449682917433e+01
6.480842620397410207e-03 6.691741107424957404e-05 1.192616352201257769e+03 6.616085856848238222e+01
6.718305882023165379e-03 7.577205940640407739e-05 1.047663265306122412e+03 6.219699771182567360e+01
6.954283760887284942e-03 6.032943043655961634e-05 9.279202453987729768e+02 4.835831771518565603e+01
7.176272274730767682e-03 6.864708281211200774e-05 8.348776595744681117e+02 4.338834188881352816e+01
7.411440332622126065e-03 7.201436331295212967e-05 7.433899999999999864e+02 3.861288450763552760e+01
7.640547325048651327e-03 6.719666067278881421e-05 6.674574468085106673e+02 3.732335110017877611e+01
7.880909625388352394e-03 7.780078248694467205e-05 5.985677966101694665e+02 3.362671979414229639e+01
8.119534573631228755e-03 6.182975050629921810e-05 5.442827225130889701e+02 2.803429236137723990e+01
8.341212846027333885e-03 7.037901862628595019e-05 4.967853881278538779e+02 2.561835267430202023e+01
8.584257463478678699e-03 7.672081168970473167e-05 4.550039840637450084e+02 2.589620717048605059e+01
8.826919166718070683e-03 6.518131950376178396e-05 4.146894977168950049e+02 2.396054360747262280e+01
9.051576779129599792e-03 7.018745924619574326e-05 3.826583333333333599e+02 2.312652172170394138e+01
9.278754197832399936e-03 6.574873290523112796e-05 3.571541850220264109e+02 2.212785810796065888e+01
9.511181178050998053e-03 7.470724405325664997e-05 3.342985074626865867e+02 2.064830030864524346e+01
9.756331684265373561e-03 7.268311501543828993e-05 3.102555555555555316e+02 1.835267890650483480e+01
9.992460030236703650e-03 6.501341219802315996e-05 2.908650793650793389e+02 1.716057193909620082e+01
1.021767907988490980e-02 6.882116667024825156e-05 2.740449438202247165e+02 1.674947655484609754e+01
1.044627826021552429e-02 6.776641009522302674e-05 2.581931818181818130e+02 1.731518655001175944e+01
1.067941769640304468e-02 7.427835917673683769e-05 2.449197324414715808e+02 1.578397151838217383e+01
1.092103363594707117e-02 6.948634926740279217e-05 2.321404109589041127e+02 1.564868846113229317e+01
1.115205959515964615e-02 6.613677834257579403e-05 2.209752650176678515e+02 1.438096038607787541e+01
1.138090927839274270e-02 7.036315799772670850e-05 2.120032894736842195e+02 1.379442583837856873e+01
1.161908717993895106e-02 7.230519164610463203e-05 2.007500000000000000e+02 1.469693845669906906e+01
1.185129732832000682e-02 6.908715592862023315e-05 1.929837662337662323e+02 1.353469598646797323e+01
1.208558089049110301e-02 7.062077464939989495e-05 1.845229357798165211e+02 1.295441323941248513e+01
1.231793957662911075e-02 6.797072397413507841e-05 1.780601265822784853e+02 1.349612200764771863e+01
1.255104362664789287e-02 7.284146348496770690e-05 1.718333333333333428e+02 1.315165374272690180e+01
1.278854709885444453e-02 6.836902354776895477e-05 1.662740963855421796e+02 1.137429083256086138e+01
1.301955791686103432e-02 7.052250088700313892e-05 1.598153409090909065e+02 1.252574763010902004e+01
1.325028003696187423e-02 6.572913682214379116e-05 1.555542168674698758e+02 1.325054878532236025e+01
1.348330464865910884e-02 7.403947498893654331e-05 1.515368421052631618e+02 1.223949829688932844e+01
1.372355777471481568e-02 7.011324266142941383e-05 1.470599455040871817e+02 1.184133769143733872e+01
1.396363525470880468e-02 7.100822662538032210e-05 1.426984536082474335e+02 1.207306125455000334e+01
1.419611930545690293e-02 6.442105916470620042e-05 1.396910112359550453e+02 1.077472362678888551e+01
1.442295386479172138e-02 6.909816387485589995e-05 1.354605263157894797e+02 1.211869677953652236e+01
1.465427040331478310e-02 7.032050413528805792e-05 1.315268542199488593e+02 1.125625655918137369e+01
1.488826669148199562e-02 6.870854531503662287e-05 1.292658227848101262e+02 1.078986331964671486e+01
1.512493372137564684e-02 7.038106039296808131e-05 1.266107055961070529e+02 1.206534556098653788e+01
1.535996817115549591e-02 6.948886920014566576e-05 1.245514705882352899e+02 1.158636269332878577e+01
1.559107684366512793e-02 6.926322144844645774e-05 1.223850000000000051e+02 1.016969702105230056e+01
1.582030048556574975e-02 6.778990216657608829e-05 1.196614987080103418e+02 1.097310758165606615e+01
1.604934829520379691e-02 6.632072085052491666e-05 1.176727748691099436e+02 1.119178008401583568e+01
1.628904364851086611e-02 7.370425539511840857e-05 1.162185273159144856e+02 1.146409390073932499e+01
1.652925296731121152e-02 6.866669088367037858e-05 1.148530927835051614e+02 1.094191310161561326e+01
1.676290647126136429e-02 6.841736000850834820e-05 1.128874680306905418e+02 1.069382498174086749e+01
1.698898227523908816e-02 6.513545783602395407e-05 1.114851752021563271e+02 1.060693889231322551e+01
1.721559450095504207e-02 6.815141817037284600e-05 1.104987080103359176e+02 1.039519468368283839e+01
1.745425431013439971e-02 7.361591577158020986e-05 1.090593824228028552e+02 1.066289488684105358e+01
1.769237993647997109e-02 6.752629516254465077e-05 1.085544041450777257e+02 1.022770694840905215e+01
1.792581344598703774e-02 6.995690167491317953e-05 1.067876543209876559e+02 9.942367992514789421e+00
1.815810556613557669e-02 6.785108792352181407e-05 1.058081841432225048e+02 1.054504671478969158e+01
1.839232362436072146e-02 7.095327149885457684e-05 1.047163814180929080e+02 9.839024220845210777e+00
1.863037138017983527e-02 7.115596482089993704e-05 1.037344497607655569e+02 9.334975438804105963e+00
1.886280557207787104e-02 6.449751950033663162e-05 1.032663185378590072e+02 1.061996024878806821e+01
1.909573960115521288e-02 7.170118321703184772e-05 1.024592074592074624e+02 9.460628184024185927e+00
1.933100079269604518e-02 6.740791281490355268e-05 1.024419191919191974e+02 9.659886083331658213e+00
1.956643258492160933e-02 7.263834258317552345e-05 1.015552995391705053e+02 9.824816705481651979e+00
1.980140115393233882e-02 6.562685565221032481e-05 1.000977443609022544e+02 9.622093118217751595e+00
2.002553894851007155e-02 6.516318768203393532e-05 1.007626262626262559e+02 9.760833077201125363e+00
2.025791866108470757e-02 7.136486459924699065e-05 1.002562929061784871e+02 1.016292353830044881e+01
2.049506424590396420e-02 6.900197405484374000e-05 9.937947494033413420e+01 9.815243485336333507e+00
2.073118625762118000e-02 7.052247030088847036e-05 9.986009174311926984e+01 1.011383892578293064e+01
2.096357000287297698e-02 6.647394664901699988e-05 9.971014492753623415e+01 9.960905166199943039e+00
2.119430833328746558e-02 6.961349209216719826e-05 1.001355140186915946e+02 1.028476276321634408e+01
2.143145413784678169e-02 7.298555940605846982e-05 9.932822757111597411e+01 9.400648761529437181e+00
2.167047737296409413e-02 6.691391229536730319e-05 9.897423887587821412e+01 9.907971250511449668e+00
2.189928641736541004e-02 6.715504648428360229e-05 9.944522144522144913e+01 9.517179647922713315e+00
2.212935186570120366e-02 6.857374351609249376e-05 9.883826879271070709e+01 1.057938375866738312e+01
2.236393702227972707e-02 6.998460737683496991e-05 9.936322869955156989e+01 1.130285492918324231e+01
2.259777835583483968e-02 6.986464902764970590e-05 9.999778761061946852e+01 9.367024108709463448e+00
2.283319440761695171e-02 6.790936196889400258e-05 1.002982062780269104e+02 1.020854701819248866e+01
2.306264206423920202e-02 6.694360958493462607e-05 1.003431818181818187e+02 9.817600466795326497e+00
2.329708818082978222e-02 7.159338094189254982e-05 1.008237791932059508e+02 9.868691777194593229e+00
2.353543375433993223e-02 6.985578503684801541e-05 1.009978213507625213e+02 9.951297048478762619e+00
2.377007062717483368e-02 7.009305664980517553e-05 1.012622601279317678e+02 9.879660166154726753e+00
2.400302358301376407e-02 6.597292527615178370e-05 1.020404494382022449e+02 1.047558020270284551e+01
2.423507457935474702e-02 7.157919103467260530e-05 1.025661157024793368e+02 1.002326327295112129e+01
2.447096161315339205e-02 6.736211404920262771e-05 1.033986928104575185e+02 1.042071820904718393e+01
2.470427111069508144e-02 6.982655739072169126e-05 1.040602910602910640e+02 1.047115748052416961e+01
2.493809997853204188e-02 6.775469533352249248e-05 1.037739872068230227e+02 1.075049625781014306e+01
2.517118618717203993e-02 6.980743985615223796e-05 1.039297872340425499e+02 1.008481191777668684e+01
2.540636145408604191e-02 6.938193712001703524e-05 1.060066666666666606e+02 1.061455883488613061e+01
2.563827354025385516e-02 6.629623788449823620e-05 1.060584112149532672e+02 9.937843996378580513e+00
2.586948195348701476e-02 6.770189532135148904e-05 1.070115473441108520e+02 9.726746274892150268e+00
2.609745587984336687e-02 6.509333995869156359e-05 1.087034313725490193e+02 1.091902219319646683e+01
2.633484837400032474e-02 7.348807666944635701e-05 1.078920704845814953e+02 1.064046009449455532e+01
2.657557098811626564e-02 6.881179166339853475e-05 1.090190476190476261e+02 1.005116276934529829e+01
2.680365379537597362e-02 6.422825624438124588e-05 1.103801020408163254e+02 1.046626564618090249e+01
2.703234577850367401e-02 6.946685782169436285e-05 1.101947743467933520e+02 1.070997750872126275e+01
2.726970666685900324e-02 6.993093227310868997e-05 1.114821852731591463e+02 1.054462281207739771e+01
2.750750127458209335e-02 6.961999393279447927e-05 1.132738095238095184e+02 1.026306202733232809e+01
2.774064166089718064e-02 6.699331928476430444e-05 1.134328358208955194e+02 1.084147639646864825e+01
2.797286317169397213e-02 6.855334754057274232e-05 1.153504901960784252e+02 1.032560950963585888e+01
2.820747942598401947e-02 7.000105603626221500e-05 1.160873786407767057e+02 1.014685155477753398e+01
2.843871508024181996e-02 6.660692948204320466e-05 1.178128205128205082e+02 1.041832073652463819e+01
2.867376841695860532e-02 7.113061539282546195e-05 1.181469194312796276e+02 1.088642769023522483e+01
2.890771417331186935e-02 6.480505975226419921e-05 1.202015706806282793e+02 1.205459663671958914e+01
2.913907964587559782e-02 7.035121785828480224e-05 1.222573529411764639e+02 1.124811915585917177e+01
2.937603130710666338e-02 7.051255909955699420e-05 1.215566502463054235e+02 1.097890427816979297e+01
2.960814043237767687e-02 6.584026763423021398e-05 1.227769028871391015e+02 1.106255342657074792e+01
2.983961579365264002e-02 6.983920439112704980e-05 1.261295843520782398e+02 1.123458048021749356e+01
3.007086711816524260e-02 6.649470887843013508e-05 1.278262032085561515e+02 1.252329694376113345e+01
3.030849094681176484e-02 7.199344525738288452e-05 1.279088541666666714e+02 1.229050687501502104e+01
3.054989504902336575e-02 6.904743658252054722e-05 1.295821727019498724e+02 1.197035661720902766e+01
3.078165236014722417e-02 6.430462589111944952e-05 1.304907975460122600e+02 1.190400808798644761e+01
3.100904415161786359e-02 6.891371557748558090e-05 1.327433628318584056e+02 1.143139287899741241e+01
3.124378004707335788e-02 6.802347259085625550e-05 1.330213414634146432e+02 1.163938225867138243e+01
3.148005278710188509e-02 6.963790735804129299e-05 1.353633633633633622e+02 1.150563204513107785e+01
3.171371101549351479e-02 6.491098522060580905e-05 1.372370129870129745e+02 1.146407928475687399e+01
3.194253270530488659e-02 6.643720727097939297e-05 1.380786885245901772e+02 1.114938653960930282e+01
3.217772739409639066e-02 7.207253078604244857e-05 1.406049382716049365e+02 1.268006565160949073e+01
3.241258335410790448e-02 6.484611046219248903e-05 1.419790940766550591e+02 1.246679962487915638e+01
3.264445272271138121e-02 7.067815627986795619e-05 1.423493589743589780e+02 1.228184886884221427e+01
3.288009324972624575e-02 6.514072171913584642e-05 1.444035087719298360e+02 1.184179336821237527e+01
3.311251835395861987e-02 6.923154512368420417e-05 1.462687074829931930e+02 1.237564549492577726e+01
3.334620240946842284e-02 6.906008769013418584e-05 1.475312500000000000e+02 1.270215013513679025e+01
3.358123372194379841e-02 6.790165455744005493e-05 1.494250000000000114e+02 1.290623465063078790e+01
3.381409346726198945e-02 6.946853510284985394e-05 1.511760563380281610e+02 1.303035097830194822e+01
3.405235163866184023e-02 6.660978410321308902e-05 1.534825174825174940e+02 1.271457716146070460e+01
3.428443415797702287e-02 7.014504093919582688e-05 1.543427672955974970e+02 1.246958326106529569e+01
3.451790515064617759e-02 6.752790833138901940e-05 1.562373417721518933e+02 1.231411620618519009e+01
3.475058674309065149e-02 6.860561414856442648e-05 1.585015290519877738e+02 1.294711080430606032e+01
3.498255247524993672e-02 6.949851211445105619e-05 1.597731343283581964e+02 1.288531865518359965e+01
3.521787450520567214e-02 6.928285379750772884e-05 1.612836257309941459e+02 1.366503755050812075e+01
3.545148567192742128e-02 6.819735758945621247e-05 1.628479532163742647e+02 1.320341767740235994e+01
3.568299999600531985e-02 6.771859016455015492e-05 1.631449275362318758e+02 1.369310612021581086e+01
3.591626020472690056e-02 6.847219215976182126e-05 1.660313390313390300e+02 1.294550121613678151e+01
3.615098875833893527e-02 7.052968595604587306e-05 1.658760330578512310e+02 1.394709578274886752e+01
3.638614682571900127e-02 6.820923678434241515e-05 1.681129943502824915e+02 1.330663922690781753e+01
3.661805186382561389e-02 6.907515541028400551e-05 1.693553719008264409e+02 1.386182426276280566e+01
3.685317606104113880e-02 6.904996252045599340e-05 1.719076086956521863e+02 1.330135314140067138e+01
3.708883642168768480e-02 6.873622836593106498e-05 1.719081081081081095e+02 1.296198013983054764e+01
3.732239511597464088e-02 6.812675490547725891e-05 1.731490514905148927e+02 1.295938529643866488e+01
3.755463123269808107e-02 6.778877579542675561e-05 1.759048913043478137e+02 1.302480660865322548e+01
3.778670279175407737e-02 6.944847979951479207e-05 1.762917771883289220e+02 1.357816513374065259e+01
3.802298536488796232e-02 7.020534180361206209e-05 1.773662337662337620e+02 1.371440869681182306e+01
3.825885045270431550e-02 6.844491048717255130e-05 1.769790026246719208e+02 1.450846535616822486e+01
3.849029289296715395e-02 6.652498920162236353e-05 1.797839999999999918e+02 1.360600730069871389e+01
3.872248042820892328e-02 6.790361104831614330e-05 1.815518134715025838e+02 1.345429949809960313e+01
3.895386220490307250e-02 6.719082682281010037e-05 1.820949868073878690e+02 1.335833275482998594e+01
3.918674717410664671e-02 7.000314829290660062e-05 1.828278481012658290e+02 1.425083799614510660e+01
3.942407118577949399e-02 7.012279782529274620e-05 1.824565756823821232e+02 1.437122561518988917e+01
3.965683877455637024e-02 6.593437650155711338e-05 1.842181818181818187e+02 1.437204094075832828e+01
3.988742774945142761e-02 6.864886435371258416e-05 1.854168734491315149e+02 1.331666078364943218e+01
4.012278533538721215e-02 6.997066240485112700e-05 1.850362318840579690e+02 1.367739882197348678e+01
4.035757945334737112e-02 6.763234382336403173e-05 1.862970297029702920e+02 1.377692264936191258e+01
4.059262090047784100e-02 7.047756166092368556e-05 1.871214953271027923e+02 1.427212201034984496e+01
4.082512016076288858e-02 6.496092607463988043e-05 1.874433249370277110e+02 1.332460632978999193e+01
4.105717491102069128e-02 7.111181249420595236e-05 1.860478359908883874e+02 1.332270257219962417e+01
4.129381576814993016e-02 6.732684386414472533e-05 1.873238095238095298e+02 1.421529070388355898e+01
4.152473579130346731e-02 6.726668318915885337e-05 1.864976415094339757e+02 1.373283622424140837e+01
4.175787959977999425e-02 6.911235940839533670e-05 1.884018264840182724e+02 1.339986372564939465e+01
4.199237839299468922e-02 6.860112016482474860e-05 1.879216589861751174e+02 1.453180669010596837e+01
4.222717975068539242e-02 7.045110183040372183e-05 1.880110619469026574e+02 1.406927831738896728e+01
4.246249924109424950e-02 6.709506009279194230e-05 1.864759725400457739e+02 1.405883955129604246e+01
4.269335040669582776e-02 6.700621335665329654e-05 1.868542141230068410e+02 1.441632236773538978e+01
4.292717084091476204e-02 6.896437123237502613e-05 1.876526548672566435e+02 1.436518957033465682e+01
4.316007288560289035e-02 6.735835804845247382e-05 1.859703872437357575e+02 1.392598278054831518e+01
4.339440191910803879e-02 7.037245596857638261e-05 1.850865800865800850e+02 1.308477382341808948e+01
4.363144753970988471e-02 6.826143681517027339e-05 1.845410199556540931e+02 1.362049226889225295e+01
4.386107962274469335e-02 6.624164794214468591e-05 1.836376146788990695e+02 1.368220406606254613e+01
4.409573705596323001e-02 7.170940769140793695e-05 1.834716981132075375e+02 1.380094637342611996e+01
4.433534367545302612e-02 6.775590854826653211e-05 1.819868421052631504e+02 1.387348125833239365e+01
4.456682912223779158e-02 6.610492296161660122e-05 1.793214285714285836e+02 1.338134326502876448e+01
4.479780304487864656e-02 6.786442677967826091e-05 1.795032822757111717e+02 1.306152319194779565e+01
4.503013318854280633e-02 6.853635641818868680e-05 1.784771241830065378e+02 1.330151325020299247e+01
4.526436263630335272e-02 6.918514626283685297e-05 1.776937901498929477e+02 1.330219554752332023e+01
4.549984770861909000e-02 6.833630877532204714e-05 1.734732334047109248e+02 1.345178467824625557e+01
4.573057769171592901e-02 6.540293680537103750e-05 1.748775055679287220e+02 1.303474373067169978e+01
4.596282480080345761e-02 6.990247096589263711e-05 1.719644351464435204e+02 1.216555599995090020e+01
4.619732296389236076e-02 6.786250507108923557e-05 1.708419913419913314e+02 1.337069770261738810e+01
4.643258444511101646e-02 7.033191385126720280e-05 1.682948453608247519e+02 1.286801612876797485e+01
4.666845704786030252e-02 6.692058153033048496e-05 1.669267241379310462e+02 1.317524744130882297e+01
4.689934413756127740e-02 6.802189408205146866e-05 1.641464968152866106e+02 1.331514456435857063e+01
4.713438507358027468e-02 6.944147399833233919e-05 1.642768595041322328e+02 1.241027114649996754e+01
4.736795136815064727e-02 6.656957436849283657e-05 1.613554603854389597e+02 1.215974587638096516e+01
4.759859747438226207e-02 6.769763208725077138e-05 1.606126315789473722e+02 1.296353889646733926e+01
4.783274694655795245e-02 6.928267493286968941e-05 1.563958762886597924e+02 1.213756099319963866e+01
4.806634396749334681e-02 6.807281927440189521e-05 1.547594142259414127e+02 1.256431921195302515e+01
4.830248047396420996e-02 6.966332651828869844e-05 1.531875000000000000e+02 1.207442895864725330e+01
4.853643200824572096e-02 6.606102041943429451e-05 1.520063424947146018e+02 1.226771380227315333e+01
4.876414520816241271e-02 6.613248851928526920e-05 1.487685774946921526e+02 1.155330519747580986e+01
4.899792577344610350e-02 7.109046729717630826e-05 1.472415841584158329e+02 1.183799624441716780e+01
4.923470399315162116e-02 6.843725681761876167e-05 1.444259259259259238e+02 1.269273302826743333e+01
4.947209300203903731e-02 7.062440267994869150e-05 1.419686888454011751e+02 1.254061641621237122e+01
4.970767414357019076e-02 6.568520737628115111e-05 1.392985386221294277e+02 1.178013680760821202e+01
4.993955421601320444e-02 6.870069007268534431e-05 1.372925851703406863e+02 1.192432511127232964e+01
5.017343134654914799e-02 6.784437425331957467e-05 1.354303030303030368e+02 1.165174593563719618e+01
5.040364307755263590e-02 6.549987049623397846e-05 1.330935550935550964e+02 1.135148918911386673e+01
5.063525219032424807e-02 6.906177440634427543e-05 1.318063241106719374e+02 1.198127871712959092e+01
5.087248401921887209e-02 6.982607771126056830e-05 1.299313725490196134e+02 1.120876140257837505e+01
5.110824603904627617e-02 6.828347019243583200e-05 1.271696606786427139e+02 1.136701714823599119e+01
5.134041616444540157e-02 6.749734166748146504e-05 1.235720000000000027e+02 1.123369752129725363e+01
5.157233759481640728e-02 6.701141620730611365e-05 1.223747494989979998e+02 1.088832882473540487e+01
5.180603234918396832e-02 6.902301690403682475e-05 1.198830409356725113e+02 1.063654972501796436e+01
5.204093912643181080e-02 6.858285367200194556e-05 1.183713163064832941e+02 1.139358318478291743e+01
5.227550176404114485e-02 6.841128413638082530e-05 1.156315789473684248e+02 1.058125526404891659e+01
5.250874134631969281e-02 6.710124584087647154e-05 1.139428007889546421e+02 1.068144476997846049e+01
5.273983379343173683e-02 6.699865505256583098e-05 1.110874751491053729e+02 1.142502907658322897e+01
5.297309563147201833e-02 7.004200559247158596e-05 1.087324478178368139e+02 1.091193031187341589e+01
5.320870841843343413e-02 6.736639692893721994e-05 1.071154598825831670e+02 9.851470662838293535e+00
5.344158726524587955e-02 6.810737650478912789e-05 1.056743737957610847e+02 1.005683689314568419e+01
5.367526270033567970e-02 6.805918753122887452e-05 1.037167630057803507e+02 1.031424188183619961e+01
5.391026527670270824e-02 6.883326900963864436e-05 1.015133079847908704e+02 1.040847491705834926e+01
5.414369868353056253e-02 6.749358219613563344e-05 9.939306358381503514e+01 9.644071136092211560e+00
5.437486949081267451e-02 6.641570492905651368e-05 9.822178988326848526e+01 1.009747606318897972e+01
5.460633195359332337e-02 6.803263502740879241e-05 9.548479087452471958e+01 9.329505009494752699e+00
5.484155575107002578e-02 6.931669974032373370e-05 9.376404494382022392e+01 9.283107943242379534e+00
5.507758596231705078e-02 6.905344121730599505e-05 9.238086303939962818e+01 9.319034331644752811e+00
5.531123208233620220e-02 6.772891677133621323e-05 9.088636363636364024e+01 8.898849536407801963e+00
5.554365515600671876e-02 6.719762712666427933e-05 8.888571428571428612e+01 9.911996442159763276e+00
5.577734969999190856e-02 6.950070055363419556e-05 8.716574585635359540e+01 9.864295477366670895e+00
5.601099427749139242e-02 6.700515619549475674e-05 8.504190476190476033e+01 9.205600779649619980e+00
5.624621814925619134e-02 7.010497752434535551e-05 8.417148014440432746e+01 9.036516459498679765e+00
5.648196424828423601e-02 6.688681858197991978e-05 8.218455743879472664e+01 9.291076447868935162e+00
5.671540211382259528e-02 6.857993554508776460e-05 8.125782688766113893e+01 8.928317157269967552e+00
5.695057597478152267e-02 6.911508132478911160e-05 7.915636363636363626e+01 8.907168623786231976e+00
5.718334936048233286e-02 6.546013463055807180e-05 7.790322580645161565e+01 8.396480664889002909e+00
5.741421041024297178e-02 6.793445858109002969e-05 7.574087591240875383e+01 8.479789762004720899e+00
5.764613918380164653e-02 6.637197386990278968e-05 7.473033707865168651e+01 8.420580601785690789e+00
5.788167249397389164e-02 7.061552392955100337e-05 7.363732394366196843e+01 8.271038694450783879e+00
5.811737136754223376e-02 6.704761694123777174e-05 7.294454713493530562e+01 8.414985418616744539e+00
5.834837921127641880e-02 6.699294913716081861e-05 7.059558823529411598e+01 8.146817427141503032e+00
5.858116591208732682e-02 6.832957605342608631e-05 7.008273381294964111e+01 8.093015571486247950e+00
5.881666226357543104e-02 6.848621822711322728e-05 6.855098389982110518e+01 7.898149501658311422e+00
5.905135363872197202e-02 6.777347974127791586e-05 6.723285198555956299e+01 7.879759171154546493e+00
5.928387195222793726e-02 6.772469370990553635e-05 6.618525179856115415e+01 8.457267139910118914e+00
5.951647621897535045e-02 6.683838279782646321e-05 6.471324863883847911e+01 7.804485486490964519e+00
5.974911582084686118e-02 6.869520850335110538e-05 6.320530973451327128e+01 7.533452167397224564e+00
5.998323909506843993e-02 6.775808722689177679e-05 6.219856887298747949e+01 8.130549011862353126e+00
6.021684065425213228e-02 6.821508261215899929e-05 6.168672566371681398e+01 7.898385313662690699e+00
6.045118304879574384e-02 6.844978444519072473e-05 5.970598591549295975e+01 7.600454678972675460e+00
6.068596061100132305e-02 6.815720570038588807e-05 5.905123674911660459e+01 6.982887382968733903e+00
6.092170969789185986e-02 6.974114108008298168e-05 5.815094339622641684e+01 7.633193280974486683e+00
6.115588848048909842e-02 6.553171796432443320e-05 5.702527075812274404e+01 7.374542937576998192e+00
6.138574783689496051e-02 6.713556217832948266e-05 5.664323374340948902e+01 7.683458561881741922e+00
6.161712726612254831e-02 6.659023579644488087e-05 5.515452930728241654e+01 7.170185765158422875e+00
6.184947732418764887e-02 6.842032557768410134e-05 5.402426343154245814e+01 6.928413926823633773e+00
6.208512874242018420e-02 6.932646695378516153e-05 5.325982905982905891e+01 7.404522273983953795e+00
6.232030440033373142e-02 6.786811594346220963e-05 5.269860627177700252e+01 7.071259675578216886e+00
6.255454887890503357e-02 6.903232039090102389e-05 5.148040885860306304e+01 7.086470675037364941e+00
6.279030404341265359e-02 6.817541082358109035e-05 5.101202749140893644e+01 7.166398280963345080e+00
6.302442562177140717e-02 6.783890935135950873e-05 5.005479452054794365e+01 7.164684768020699757e+00
6.325799215551787535e-02 6.707804214318665616e-05 4.878141135972461484e+01 6.914279750255484025e+00
6.349026508375751887e-02 6.699336420408434482e-05 4.800863557858376396e+01 6.857665360229677987e+00
6.372409184272515015e-02 6.892879157383024775e-05 4.697989949748743754e+01 6.936749258392913120e+00
6.395793742953777283e-02 6.642518885272369008e-05 4.664818024263431795e+01 6.923227021469831932e+00
6.419031457975818422e-02 6.826620328541081642e-05 4.565159128978224601e+01 6.897573503325379995e+00
6.442283327309653029e-02 6.576027226970875277e-05 4.514904679376083152e+01 6.453987391162653964e+00
6.465485140213383941e-02 6.860083938040020173e-05 4.398662207357859444e+01 6.240963982902799856e+00
6.489057688868674068e-02 6.918162283112673440e-05 4.336754966887416884e+01 6.315356497251928936e+00
6.512677614053768993e-02 6.800662934234975800e-05 4.322110552763819413e+01 6.590693806475857563e+00
6.535916383847417688e-02 6.723036061670840198e-05 4.223777403035413158e+01 6.566781295766265458e+00
6.559238943166004199e-02 6.775429361515336514e-05 4.132833333333333314e+01 6.224099220860083825e+00
6.582758612999557724e-02 6.859118299963685495e-05 4.063218390804597391e+01 6.361346918144700879e+00
6.606077625847779633e-02 6.646968386304463305e-05 3.979932546374367774e+01 6.338261322023181599e+00
6.629499012582010242e-02 6.873985157622226514e-05 3.922312703583062188e+01 5.852928040736880000e+00
6.652802461243248477e-02 6.667147267887053093e-05 3.916470588235294059e+01 6.330800197594971479e+00
6.676018753795931460e-02 6.790988101603729471e-05 3.795238095238094900e+01 5.915326372196910931e+00
6.699409877892320564e-02 6.752760488477305384e-05 3.767487684729064057e+01 5.968348437792037942e+00
6.722746570366622265e-02 6.715296906548569008e-05 3.727093596059113167e+01 5.851412261634312273e+00
6.746032149556230317e-02 6.698676487551811836e-05 3.650000000000000000e+01 6.050666166308103833e+00
6.769235389026706518e-02 6.820371575645631246e-05 3.599511400651465465e+01 5.637961787788524859e+00
6.792641117254087646e-02 6.820173351531172944e-05 3.491869918699187281e+01 5.809279604742376257e+00
6.816107073590284282e-02 6.878058967958357989e-05 3.410897435897435770e+01 5.820044210493360737e+00
6.839600153518463066e-02 6.745423942297350728e-05 3.401458670988655086e+01 6.088872240753240739e+00
6.862947544649959652e-02 6.741836193410811529e-05 3.332847896440129176e+01 5.317073806710299166e+00
6.886076050521675040e-02 6.695139243677821319e-05 3.278140293637846980e+01 5.590642583513305119e+00
6.909448405671331228e-02 6.857937925099385861e-05 3.240381558028617093e+01 5.434365514977598899e+00
6.933147198058889349e-02 6.945851940459737387e-05 3.143035993740219070e+01 5.454618777232044025e+00
6.956615814272766596e-02 6.659838482515636180e-05 3.130406504065040707e+01 5.662807471497723455e+00
6.979892421020185422e-02 6.845449894488580623e-05 3.026929133858267562e+01 5.411742914618430156e+00
7.003324628087082004e-02 6.708437855477542738e-05 2.963738019169328908e+01 5.342326419399647364e+00
7.026696723216839524e-02 6.749325677359571186e-05 2.978322784810126578e+01 5.305401690109290413e+00
7.049943687314187690e-02 6.712218498041330988e-05 2.919169329073482544e+01 5.427446003899411231e+00
7.073256586487845776e-02 6.824893734348157486e-05 2.864835164835164960e+01 5.277819932063715136e+00
7.096739529320396367e-02 6.805665211298504431e-05 2.787968749999999929e+01 5.194590880335281824e+00
7.119963565831700925e-02 6.604383357070072315e-05 2.755929487179487225e+01 5.264078404593166560e+00
7.143251491571993295e-02 6.833023575511234995e-05 2.713931888544891535e+01 5.308530523086727015e+00
7.166748936443330387e-02 6.797747120010720200e-05 2.659345794392523388e+01 4.945416390261394568e+00
7.190239887094113103e-02 6.812567208000406508e-05 2.613643410852713345e+01 5.261846027428889627e+00
7.213564083891418899e-02 6.727815908267241148e-05 2.606718749999999929e+01 4.939980093108927051e+00
7.236775266651256089e-02 6.677609510169290425e-05 2.526332288401253834e+01 5.043855487547514116e+00
7.260248712279285255e-02 6.869830537591529508e-05 2.472878787878788032e+01 4.542256450698466175e+00
7.283623165966979229e-02 6.586822544777081725e-05 2.458582677165354369e+01 4.988910263619825258e+00
7.306707252174290956e-02 6.700747180961246050e-05 2.399844961240309971e+01 4.616619270328695457e+00
7.329949258276330371e-02 6.772475651974369101e-05 2.355453149001536062e+01 5.045167520019588459e+00
7.353390515197159860e-02 6.826447305255654060e-05 2.350839694656488632e+01 5.025311841562396964e+00
7.377004759623378982e-02 6.923659859914002232e-05 2.264125560538116488e+01 4.598781700125194938e+00
7.400585793887086428e-02 6.684871515157072869e-05 2.205061349693251671e+01 4.659804027070525656e+00
7.423882513885866896e-02 6.705699330302101503e-05 2.187957317073170671e+01 4.676968389192285080e+00
7.447179934364664411e-02 6.729631389406922585e-05 2.119300911854103475e+01 4.507285701363295871e+00
7.470386502595725842e-02 6.677743912390293128e-05 2.125076923076922952e+01 4.396042868240512824e+00
7.493684316276932877e-02 6.880723494932199492e-05 2.086775631500742989e+01 4.382203993431337707e+00
7.517114345002372244e-02 6.635401491145231717e-05 1.988685015290520042e+01 4.220148583820570565e+00
7.540400894130300236e-02 6.796181942783490750e-05 1.975671641791044664e+01 4.380605405672251429e+00
7.563888952420828871e-02 6.793007447686484233e-05 1.946795827123695943e+01 4.125911191616589591e+00
7.587212767299332528e-02 6.666720262525264009e-05 1.927921092564491801e+01 4.332869116519757036e+00
7.610444662739059007e-02 6.812128212821508440e-05 1.832296296296296134e+01 4.454862850619832670e+00
7.633840355552658219e-02 6.704448074672975544e-05 1.816240601503759322e+01 4.309915575188171921e+00
7.657294088866806181e-02 6.913426714198188134e-05 1.803056768558952072e+01 4.173875332708912644e+00
7.680909613855584073e-02 6.745120118354667115e-05 1.759319526627218977e+01 4.054131119288486573e+00
7.704345247504407190e-02 6.715677607695802020e-05 1.700739644970414233e+01 4.030572957310526228e+00
7.727476474555629304e-02 6.635027155862049334e-05 1.669865067466266950e+01 3.975398000174686253e+00
7.750787862388756888e-02 6.818542687846034010e-05 1.655116959064327631e+01 4.070964121678950498e+00
7.774237043501058819e-02 6.813069542586966778e-05 1.630364963503649633e+01 4.043404023306316653e+00
7.797665167592943147e-02 6.707760415591992138e-05 1.588839941262848754e+01 3.820765342750684024e+00
7.821051974065167112e-02 6.733218681971041611e-05 1.535912408759124048e+01 3.688018596177633945e+00
7.844387394979719652e-02 6.745944882601931131e-05 1.532262773722627713e+01 3.813349945523256235e+00
7.867743152837132492e-02 6.749240172701480983e-05 1.498540145985401395e+01 3.854438983491306647e+00
7.890970530980039033e-02 6.748164380015466649e-05 1.470845481049562764e+01 3.712008606720854864e+00
7.914414745391105954e-02 6.806851035759457725e-05 1.421695402298850652e+01 3.825289579706194765e+00
7.937949292746850072e-02 6.797541296510754361e-05 1.404022988505747094e+01 3.600150418533670571e+00
7.961030015032465046e-02 6.738864298828837172e-05 1.393636363636363562e+01 3.900128909362081675e+00
7.984598519055025045e-02 6.790561728139939753e-05 1.337538940809968935e+01 3.801112015939512645e+00
8.007687882222253029e-02 6.447056716295559542e-05 1.350000000000000000e+01 3.595264374969652454e+00
8.030494588125068611e-02 6.608834776223229527e-05 1.294594594594594561e+01 3.606772958759796754e+00
8.054004005809645150e-02 6.984151446891397389e-05 1.266009852216748754e+01 3.564397132371642130e+00
8.077714850029885096e-02 6.767392876517773568e-05 1.228497409326424794e+01 3.279776375308045111e+00
8.101269351174554545e-02 6.824941035471516354e-05 1.208477508650519106e+01 3.646805208413289368e+00
8.124499042027705231e-02 6.566391543360840461e-05 1.190859232175502669e+01 3.338145334608976444e+00
8.147763778805076906e-02 6.850612538316699495e-05 1.150357142857142811e+01 3.274767284144955326e+00
8.171370565696982335e-02 6.843303816104012401e-05 1.118264014466546108e+01 3.444138555539408397e+00
8.194644813657113447e-02 6.527704147071792412e-05 1.100763358778625900e+01 3.326098825274103721e+00
8.217941383646631959e-02 6.844304487629756508e-05 1.079520295202951985e+01 3.297394344949061029e+00
8.241354877640369447e-02 6.643977738405588268e-05 1.065764023210831724e+01 3.268470786031259845e+00
8.264613760478992099e-02 6.785385497585561844e-05 1.036468330134356997e+01 3.022968649354944137e+00
8.288072046378301694e-02 6.777539431253258432e-05 9.738878143133462117e+00 3.094103529113188866e+00
8.311212554025591837e-02 6.484000319727093505e-05 9.508163265306121659e+00 3.025057095161663323e+00
8.334638570633212673e-02 7.022221827522090226e-05 9.777777777777778567e+00 3.073181485764296728e+00
8.358704646049577858e-02 6.663645268385280900e-05 9.500000000000000000e+00 3.080973131538533583e+00
8.382143415227705230e-02 6.846312793730281276e-05 8.905759162303665377e+00 3.014165727532394534e+00
8.405591962697228636e-02 6.576640212805385805e-05 8.873905429071804463e+00 3.036784148080900803e+00
8.428680641257924044e-02 6.623286801922068177e-05 8.327615780445968952e+00 2.948021111924999715e+00
8.452023012686848968e-02 6.905229191131505512e-05 8.457189014539579830e+00 2.842122775426401127e+00
8.475508438648238219e-02 6.596024294369417270e-05 8.174917491749175369e+00 2.911690804135690591e+00
8.498773362002838561e-02 6.745598113771460842e-05 8.087163232963549220e+00 2.827948914683043213e+00
8.522017358652922425e-02 6.573424789204848628e-05 7.910112359550561578e+00 2.683065137205686845e+00
8.545345635918015492e-02 6.827530828384012593e-05 7.860429447852760987e+00 2.823585891035165663e+00
8.568838710074284937e-02 6.739557208403640777e-05 7.490825688073394772e+00 2.785100094780390556e+00
8.591990562469611903e-02 6.499275358868887781e-05 7.297971918876754671e+00 2.615621299469062411e+00
8.615047449966896365e-02 6.728541472914020762e-05 7.384730538922156029e+00 2.693835550494441122e+00
8.638537494001211070e-02 6.792206805344957186e-05 6.977908689248895513e+00 2.600454967281699226e+00
8.662074503924638291e-02 6.782280238804023608e-05 6.711988304093567059e+00 2.537719449851724818e+00
8.685381778459443092e-02 6.674020065135433848e-05 6.667155425219941201e+00 2.635787827867397848e+00
8.708770284767913816e-02 6.753597429739365476e-05 6.374100719424460770e+00 2.516451742471074393e+00
8.732212221979428202e-02 6.822332096859763445e-05 6.161931818181818343e+00 2.381779112220768990e+00
8.755723433992959603e-02 6.741755499607516103e-05 5.957203994293865712e+00 2.431566458180099310e+00
8.779078654295230377e-02 6.688902566296500132e-05 5.804005722460658490e+00 2.408245489395835826e+00
8.802385785273660057e-02 6.732631344927013264e-05 5.774787535410764505e+00 2.399529582575892661e+00
8.825920820130851718e-02 6.779425408112107370e-05 5.577247191011236005e+00 2.425672804757045498e+00
8.849234674886145846e-02 6.696150027325509799e-05 5.506382978723403987e+00 2.344671840993873602e+00
8.872137438766081186e-02 6.623799103067982519e-05 5.279940119760478723e+00 2.238052490155100660e+00
8.895429543332857014e-02 6.738487815592646569e-05 5.167434715821812574e+00 2.310038551985854838e+00
8.918772016087560262e-02 6.684333251713010609e-05 4.987240829346092141e+00 2.213805158870570722e+00
8.942216213337644826e-02 6.785239281137156507e-05 4.832528180354267455e+00 2.186702404465675986e+00
8.965567864572877854e-02 6.700437258479202294e-05 4.878535773710482637e+00 2.173433471950767526e+00
8.988740917090436156e-02 6.600763457825628208e-05 4.492281303602058351e+00 2.122414701051971608e+00
9.011975323533148730e-02 6.773804127286482647e-05 4.471186440677966445e+00 2.190689604270302127e+00
9.035608288166475932e-02 6.874767433980949428e-05 4.296296296296296724e+00 2.097035003275625975e+00
9.059423529262686237e-02 6.860051062213127538e-05 4.363175675675675436e+00 2.037354042776375440e+00
9.082806409944925441e-02 6.591920751229069322e-05 4.125000000000000000e+00 2.026344971534208117e+00
9.105979902993641129e-02 6.679468897932259346e-05 4.013986013986014179e+00 2.078823504813361200e+00
9.129435639159146076e-02 6.847518630411293563e-05 3.754716981132075304e+00 1.955631023999462759e+00
9.152650281439915492e-02 6.468590151769530185e-05 3.666061705989110742e+00 1.949555031184094345e+00
9.175728164276017451e-02 6.760337681272159235e-05 3.849912739965096087e+00 1.995169737987319891e+00
9.199104812749678284e-02 6.693583434796843623e-05 3.690941385435168698e+00 1.829264157473527774e+00
9.222507569997025201e-02 6.793803912847704170e-05 3.502645502645502784e+00 1.872123862165287145e+00
9.246186654200068411e-02 6.944239987391782215e-05 3.397236614853194947e+00 1.821969561558203221e+00
9.269596921447360860e-02 6.487594269754672440e-05 3.324125230202578329e+00 1.832928844403289181e+00
9.292703616442406223e-02 6.779858569529950100e-05 3.300353356890459278e+00 1.791341701932926300e+00
9.316059594520455234e-02 6.613368773353799079e-05 3.043715846994535568e+00 1.695378124895339456e+00
9.339538772676710121e-02 6.900293928083786957e-05 2.942105263157894779e+00 1.704499504123362374e+00
9.363035783291058511e-02 6.644185014357123227e-05 2.965391621129326083e+00 1.678812482774061809e+00
9.386245806937851266e-02 6.674446860279308080e-05 2.895117540687160762e+00 1.655071626373838090e+00
9.409440198891941276e-02 6.727128699980994470e-05 2.816876122082585088e+00 1.611303341101791631e+00
9.432822867807295897e-02 6.787030890533636790e-05 2.550621669626998322e+00 1.595874957866719068e+00
9.456450311453787339e-02 6.856686819874252005e-05 2.745644599303135980e+00 1.584776089712792269e+00
9.479870037226469093e-02 6.586042330461264486e-05 2.613309352517985573e+00 1.632887509586566699e+00
9.503065075680132423e-02 6.692670173723798215e-05 2.449378330373001678e+00 1.526414354902552839e+00
9.526552764507723037e-02 6.873817835408579122e-05 2.521739130434782705e+00 1.603257553423248050e+00
9.549948238481764662e-02 6.592497101293757838e-05 2.439201451905625984e+00 1.559557181608139054e+00
9.573145469357186021e-02 6.763779021303956466e-05 2.430335097001763867e+00 1.539273386971514279e+00
9.596344353397949500e-02 6.508803650637630216e-05 2.210622710622710763e+00 1.427739966544254946e+00
9.619719815228761073e-02 6.891878545311372979e-05 2.226876090750436354e+00 1.535350170843298390e+00
9.643338477973723011e-02 6.764486940942661787e-05 2.017825311942959221e+00 1.389956059393777421e+00
9.666686513379581236e-02 6.634527000553854632e-05 2.070780399274047223e+00 1.489412328125308438e+00
9.689804830612920583e-02 6.673844817570089385e-05 2.077617328519855810e+00 1.459278833933516761e+00
9.713211530402467153e-02 6.751532973417066546e-05 1.976702508960573423e+00 1.438508932281440167e+00
9.736750905795905908e-02 6.828413715794354373e-05 1.841637010676156594e+00 1.394413951670601559e+00
9.760254220852407347e-02 6.723724816253193984e-05 1.899099099099099019e+00 1.335751398789059463e+00
9.783729966421263191e-02 6.713292727370104079e-05 1.830324909747292450e+00 1.388374153959463397e+00
9.807012441261567237e-02 6.702921340280121982e-05 1.781818181818181746e+00 1.350824663946906812e+00
9.830432198494945539e-02 6.771531372861528232e-05 1.688288288288288364e+00 1.235191316955139618e+00
9.853663875749650580e-02 6.592920559052215760e-05 1.752767527675276771e+00 1.364158781538106435e+00
9.876785373964377945e-02 6.639572360800846391e-05 1.670932358318098609e+00 1.271569843257050358e+00
9.900171307164255807e-02 6.725503490443550815e-05 1.600000000000000089e+00 1.210259175849237590e+00
9.923465994738583928e-02 6.748068345197972770e-05 1.583941605839416011e+00 1.339137583175742163e+00
9.947119774122156755e-02 6.881988242762419612e-05 1.617173524150268271e+00 1.275678855855906235e+00
9.970633280334199877e-02 6.694105292138958260e-05 1.587155963302752326e+00 1.266141467599528614e+00
9.993728249839414768e-02 6.534832822620718473e-05 1.492509363295880132e+00 1.078355790667818059e+00
1.001703666773564594e-01 6.807110521762425154e-05 1.550541516245487417e+00 1.240585761161515199e+00
1.004042664217037195e-01 6.656925648346958700e-05 1.442592592592592649e+00 1.297192811679186208e+00
1.006397678263622197e-01 6.842954627529723277e-05 1.551351351351351271e+00 1.229398034664015871e+00
1.008742614643446667e-01 6.658751459513834290e-05 1.486085343228200406e+00 1.133182856680370554e+00
1.011048192716836602e-01 6.576603880257255797e-05 1.404896421845574395e+00 1.263236632797928083e+00
1.013390231998947122e-01 6.916081345207424958e-05 1.392473118279569988e+00 1.202179070070026112e+00
1.015727676549605663e-01 6.516705286347274908e-05 1.379506641366223807e+00 1.186161652387294430e+00
1.018063810355425147e-01 6.852265857895202593e-05 1.394213381555153619e+00 1.205364513236347523e+00
1.020425928562866541e-01 6.754985595762503701e-05 1.329650092081031243e+00 1.106919708259497703e+00
1.022745336203261940e-01 6.568464132683736977e-05 1.351043643263757144e+00 1.071812355811920581e+00
1.025079986564226969e-01 6.883363629312960503e-05 1.355595667870036047e+00 1.044413753559191971e+00
1.027413231873401389e-01 6.438235018542032870e-05 1.324376199616122740e+00 1.126802074243376861e+00
1.029738054843176154e-01 6.827106302290229681e-05 1.347905282331511856e+00 1.107926398327585549e+00
1.032091814552798248e-01 6.721742881697321279e-05 1.322160148975791483e+00 1.166404696080829861e+00
1.034439824047587719e-01 6.784155240531380992e-05 1.190388170055452832e+00 1.055380026038526431e+00
1.036790446583389369e-01 6.769644679304059084e-05 1.201107011070110753e+00 1.055892307984024336e+00
1.039108473112752701e-01 6.478868293181549987e-05 1.335260115606936360e+00 1.125120417447495580e+00
1.041435991355559865e-01 6.876976636486558856e-05 1.381818181818181834e+00 1.148279345170613919e+00
1.043796853337771446e-01 6.639151268194193886e-05 1.291353383458646586e+00 1.152907063587299552e+00
1.046125879328569097e-01 6.649047237023615630e-05 1.349624060150375948e+00 1.157128566943377068e+00
1.048449497528018554e-01 6.678671360180158550e-05 1.288930581613508375e+00 1.087877618562967941e+00
1.050782436420249349e-01 6.680234379189081782e-05 1.288679245283018915e+00 1.159147991200321526e+00
1.053121578057464591e-01 6.813810244029516923e-05 1.445471349353049995e+00 1.218379636767149998e+00
1.055465828127617189e-01 6.602091647410296903e-05 1.377609108159392859e+00 1.131935418820499528e+00
1.057784850233827734e-01 6.633866725893719138e-05 1.248106060606060552e+00 1.049662835586451237e+00
1.060121054701392146e-01 6.796601729703331872e-05 1.239776951672862504e+00 1.117043154612848976e+00
1.062489964857592228e-01 6.804532742857089987e-05 1.309124767225325892e+00 1.053498572777916031e+00
1.064814477792258851e-01 6.617151051899120408e-05 1.355640535372848898e+00 1.136233169049145175e+00
1.067134525370284776e-01 6.660088521860815184e-05 1.261363636363636465e+00 1.122423971423162969e+00
1.069489685164438514e-01 6.844070374709154171e-05 1.303142329020332779e+00 1.129005746134772004e+00
1.071833396191340243e-01 6.614921031534214753e-05 1.338432122370937005e+00 1.170409503651804073e+00
1.074169666915256866e-01 6.748748480923821868e-05 1.350844277673545868e+00 1.222631312064117903e+00
1.076507130258745892e-01 6.685365476994657339e-05 1.291666666666666741e+00 1.166429900217416327e+00
1.078822248577407661e-01 6.549492787243419399e-05 1.304263565891472965e+00 1.121093461691202497e+00
1.081158030820603549e-01 6.892691260091426855e-05 1.374538745387453798e+00 1.209085511392510082e+00
1.083502519132016478e-01 6.550174513790631484e-05 1.303675048355899424e+00 1.118359786518409171e+00
1.085838887651629364e-01 6.788279140540267611e-05 1.342056074766355245e+00 1.166307212051449493e+00
1.088167529892371671e-01 6.600576014251126192e-05 1.459459459459459429e+00 1.208167274168136629e+00
1.090505526263309127e-01 6.812007346507967362e-05 1.381578947368421018e+00 1.257250440588554508e+00
1.092866482205838569e-01 6.842382848130358576e-05 1.369402985074626766e+00 1.189371158898666625e+00
1.095204794082260541e-01 6.485319910623837047e-05 1.411306042884990175e+00 1.179441942736011661e+00
1.097528862015335477e-01 6.749182814616273797e-05 1.336466165413533913e+00 1.130663707005350904e+00
1.099860225771209649e-01 6.572661825364852677e-05 1.355899419729206912e+00 1.168469055902901843e+00
1.102199794899808571e-01 6.771853003694458301e-05 1.470809792843691177e+00 1.214916984742289374e+00
1.104527673679933375e-01 6.605954367090497955e-05 1.512572533849129597e+00 1.224097860735535059e+00
1.106846995336629863e-01 6.639466551207307780e-05 1.530769230769230660e+00 1.195374467831397780e+00
1.109195593734974006e-01 6.847264593218049594e-05 1.501872659176029856e+00 1.298948004195315198e+00
1.111563010475637298e-01 6.737417664069918785e-05 1.476280834914611040e+00 1.218866390362263852e+00
1.113901732397686445e-01 6.590926552890959188e-05 1.567567567567567544e+00 1.249480743657019000e+00
1.116201801113623215e-01 6.530710990471277541e-05 1.435546875000000000e+00 1.172027984805810386e+00
1.118544392406903287e-01 6.842920462665363923e-05 1.641651031894934443e+00 1.229863701568166379e+00
1.120919882620126512e-01 6.808645466680088396e-05 1.581920903954802338e+00 1.283510048425954730e+00
1.123255119325231172e-01 6.496953905756043762e-05 1.621568627450980404e+00 1.354429417326933116e+00
1.125569423960908616e-01 6.660855058776252613e-05 1.578544061302681989e+00 1.247878074488475653e+00
1.127891651266763745e-01 6.585219533195248219e-05 1.542801556420233533e+00 1.187730045147572966e+00
1.130234059678330849e-01 6.798907267284735661e-05 1.555765595463137974e+00 1.249696129816998402e+00
1.132592717752512051e-01 6.709286710082286605e-05 1.596558317399617621e+00 1.233278491674990374e+00
1.134925261196267493e-01 6.566405257712189627e-05 1.704280155642023287e+00 1.307531954816479880e+00
1.137232837453631684e-01 6.560285114491499190e-05 1.568359375000000000e+00 1.214476305966446734e+00
1.139571109036284086e-01 6.796742105221370610e-05 1.753787878787878896e+00 1.296663997709831095e+00
1.141916071219103018e-01 6.614694266841438333e-05 1.754863813229571967e+00 1.288128754923591135e+00
1.144245089960832934e-01 6.685048664461395486e-05 1.684615384615384626e+00 1.279995146070679102e+00
1.146574952630475680e-01 6.619094374413487093e-05 1.747081712062256820e+00 1.323881000418383191e+00
1.148904160535498264e-01 6.707792820933123690e-05 1.733590733590733679e+00 1.254312339075005944e+00
1.151265174722906764e-01 6.876668888584983865e-05 1.691148775894538714e+00 1.334067275415473652e+00
1.153617816491615961e-01 6.565260628400561250e-05 1.735294117647058876e+00 1.291753634010910590e+00
1.155936763096339220e-01 6.650816827874497729e-05 1.806576402321083075e+00 1.340100328697700238e+00
1.158258315634240476e-01 6.588797587536296874e-05 1.798039215686274561e+00 1.321018678848045580e+00
1.160597319175528663e-01 6.799461765561689208e-05 1.836190476190476151e+00 1.339330729402221865e+00
1.162950314370258531e-01 6.674923210542826858e-05 1.794573643410852792e+00 1.283481351459574649e+00
1.165287100714146457e-01 6.653530395956359987e-05 1.924418604651162878e+00 1.359702960170138475e+00
1.167624675326668082e-01 6.672669288532265567e-05 1.953488372093023173e+00 1.363162369615131375e+00
1.169963813879617426e-01 6.705354536925166775e-05 1.883945841392649978e+00 1.377436786647143085e+00
1.172296699541907350e-01 6.631902832571586392e-05 1.920077972709551606e+00 1.433138348531223683e+00
1.174633317010978645e-01 6.682263370538187562e-05 1.835271317829457294e+00 1.354602642996623363e+00
1.176963758561083428e-01 6.650269296166132736e-05 1.923828125000000000e+00 1.379221591067086194e+00
1.179299254124360069e-01 6.728363660691870959e-05 1.967117988394584183e+00 1.351557682753019574e+00
1.181661083576700799e-01 6.789566897107491888e-05 1.994263862332696036e+00 1.337056107751640521e+00
1.184002669641160965e-01 6.566520377029123803e-05 1.990176817288801470e+00 1.450520576495353042e+00
1.186327021679424165e-01 6.597848618172980106e-05 1.935294117647058831e+00 1.446293436990696346e+00
1.188650719869437794e-01 6.702715015157560143e-05 2.064077669902912415e+00 1.480586025779721648e+00
1.190988067061411609e-01 6.629343627726192692e-05 2.019569471624266033e+00 1.404371059203488592e+00
1.193323897405050432e-01 6.682302270376797710e-05 1.986486486486486402e+00 1.406611451628726028e+00
1.195656510531601519e-01 6.587317906801366991e-05 1.900584795321637488e+00 1.284053044452710513e+00
1.198002489216287991e-01 6.746592986415190997e-05 2.116190476190476399e+00 1.410186459423056871e+00
1.200336589500475559e-01 6.624896294229367234e-05 2.121856866537717767e+00 1.491072643823214028e+00
1.202657768623850848e-01 6.571795768306507403e-05 2.094961240310077688e+00 1.473566745821091040e+00
1.204994510404173019e-01 6.765105501654847969e-05 2.129455909943714698e+00 1.411688673912273595e+00
1.207339951349819807e-01 6.562727713419021691e-05 2.123076923076923084e+00 1.449300994542219501e+00
1.209680956947216668e-01 6.741732215622490954e-05 2.179439252336448529e+00 1.510680524393354096e+00
1.212006880373407286e-01 6.513848631823455568e-05 2.176923076923076739e+00 1.566414327741496360e+00
1.214319994211767589e-01 6.582807741597457144e-05 2.186311787072243273e+00 1.436837304118212977e+00
1.216656057203382851e-01 6.790283688671594779e-05 2.123844731977818867e+00 1.461031873782954404e+00
1.219007843250684425e-01 6.671568653291726767e-05 2.159774436090225347e+00 1.461008861557539618e+00
1.221369572323006136e-01 6.825324584029650993e-05 2.170018281535648796e+00 1.497931735641243378e+00
1.223726009556053707e-01 6.573836356997660114e-05 2.130434782608695787e+00 1.416971420057625775e+00
1.226056442391218609e-01 6.616532013731783344e-05 2.071563088512240913e+00 1.440176912733931669e+00
1.228388051323681396e-01 6.703161226424012367e-05 2.082089552238806096e+00 1.417159070357753903e+00
1.230707296013911628e-01 6.457171094849102578e-05 2.138996138996139162e+00 1.493959054533986919e+00
1.233029183635097059e-01 6.759810128202039419e-05 2.214022140221402424e+00 1.356539072191088380e+00
1.235379854409733719e-01 6.570013406878603220e-05 2.339658444022770567e+00 1.566090381626505712e+00
1.237724597817453503e-01 6.756544521848162354e-05 2.266666666666666607e+00 1.493111756048214556e+00
1.240061498949734248e-01 6.566505030106075010e-05 2.375238095238095148e+00 1.569624361087913478e+00
1.242390821888286201e-01 6.661632460395466447e-05 2.144736842105263275e+00 1.439245834257844470e+00
1.244711632953071079e-01 6.579076840955865762e-05 2.240000000000000213e+00 1.513117249099950046e+00
1.247054517839266963e-01 6.761591240357131126e-05 2.200743494423791802e+00 1.496290609320345188e+00
1.249410059021845570e-01 6.697188855875631079e-05 2.227016885553470882e+00 1.452020636287787658e+00
1.251741761334562164e-01 6.583601426366064431e-05 2.192015209125475206e+00 1.546367311276006573e+00
1.254072382360083560e-01 6.640543300240981869e-05 2.279245283018867863e+00 1.615345598512713643e+00
1.256410482936734796e-01 6.683584359234039823e-05 2.422932330827067826e+00 1.531783052312240434e+00
1.258745257397245465e-01 6.611238233520655145e-05 2.262357414448669335e+00 1.506675282621765977e+00
1.261080103941889519e-01 6.690937462473420770e-05 2.322701688555347310e+00 1.452705318215097963e+00
1.263406670927800235e-01 6.522594346067754308e-05 2.285988483685220896e+00 1.541912032123516241e+00
1.265732414590826360e-01 6.685572305932845820e-05 2.342749529190207181e+00 1.502015178189431532e+00
1.268080548800749052e-01 6.733690508414850442e-05 2.352059925093632931e+00 1.471428765010702966e+00
1.270422367608540493e-01 6.597699196562882616e-05 2.350476190476190386e+00 1.477361133361554613e+00
1.272759152751854195e-01 6.689135984813015558e-05 2.342105263157894690e+00 1.489360100879239646e+00
1.275094590884037760e-01 6.604831116682244026e-05 2.240458015267175362e+00 1.499327297052337471e+00
1.277431018946701968e-01 6.733257125615095616e-05 2.281954887218045069e+00 1.466408790288045827e+00
1.279782552164440979e-01 6.710085433560373114e-05 2.206766917293232932e+00 1.434970334512359447e+00
1.282131041449612319e-01 6.621149459998993162e-05 2.276515151515151381e+00 1.471899220852185497e+00
1.284458066838963242e-01 6.548314267397141550e-05 2.287356321839080664e+00 1.541994471546395573e+00
1.286783609577602794e-01 6.654865817496632442e-05 2.297348484848484862e+00 1.551278576009374577e+00
1.289128241661116614e-01 6.697900382933094643e-05 2.298113207547169967e+00 1.501694782454517929e+00
1.291446660323967432e-01 6.835636986838949068e-05 2.242798353909464915e+00 1.516434382288671223e+00
1.293786085608263359e-01 6.605676840398337884e-05 2.180778032036613467e+00 1.481309422526490893e+00
1.296108774202269776e-01 6.783588626387897994e-05 2.356973995271867572e+00 1.502915921285036704e+00
1.298443923619162221e-01 6.722079102470935436e-05 2.372500000000000053e+00 1.621627269134313654e+00
1.300782666066699345e-01 6.749263575799763530e-05 2.240932642487046600e+00 1.434975940737443612e+00
1.303119143017006376e-01 6.684139813301355590e-05 2.332425068119890810e+00 1.472524539617316552e+00
1.305459241900186751e-01 6.810036271421107158e-05 2.357541899441340849e+00 1.451826223086551515e+00
1.307796783027228849e-01 6.720238230322061351e-05 2.314705882352941391e+00 1.484865983723574256e+00
1.310139024467842916e-01 6.790776888182086793e-05 2.294294294294294101e+00 1.480050982659593561e+00
1.312472894800687517e-01 6.625173267803912932e-05 2.257961783439490500e+00 1.480621165614749657e+00
1.314776668789590652e-01 6.618039329338910079e-05 2.178807947019867353e+00 1.474421178165295832e+00
1.317137024266215872e-01 7.043903276921694031e-05 2.266666666666666607e+00 1.469117721051270253e+00
1.319503540721679857e-01 6.642835643525359449e-05 2.228668941979522256e+00 1.525559092756707757e+00
1.321828723734352895e-01 6.718390404847075217e-05 2.296928327645051393e+00 1.391667259256476052e+00
1.324147834979462757e-01 6.603244305163348776e-05 2.429078014184397283e+00 1.453182663026268973e+00
1.326480411947886795e-01 6.877844789332857034e-05 2.218750000000000000e+00 1.430614548406072384e+00
1.328820802110143862e-01 6.636907368294008079e-05 2.164233576642335954e+00 1.393118806703247170e+00
1.331148138063605602e-01 6.785609440944978998e-05 2.355072463768115743e+00 1.449085132442879953e+00
1.333495643154704868e-01 6.741119029024297674e-05 2.422222222222222054e+00 1.631051568193658374e+00
1.335835372037798285e-01 6.759745300131219899e-05 2.083018867924528283e+00 1.351807460575046749e+00
1.338176466306949530e-01 6.831218422516185137e-05 2.204545454545454586e+00 1.399619930700195747e+00
1.340512797922887300e-01 6.599048480043925120e-05 2.181102362204724532e+00 1.536754932717461442e+00
1.342814461297319739e-01 6.559979566974010292e-05 2.185483870967741993e+00 1.441959388558435640e+00
1.345160483007357966e-01 6.963532972159798605e-05 2.155642023346303393e+00 1.708219954455394873e+00
1.347536796152505323e-01 6.810829448341578071e-05 2.356275303643724506e+00 1.482699213537896243e+00
1.349871276635005723e-01 6.677996814749840085e-05 2.287500000000000089e+00 1.433890395625366798e+00
1.352194676899014514e-01 6.661700689138378795e-05 2.206751054852320593e+00 1.427688742341555184e+00
1.354521481550482465e-01 6.703309091722472405e-05 2.128755364806866890e+00 1.411580088111472397e+00
1.356860453582514059e-01 6.856354300475121723e-05 2.012820512820512775e+00 1.382080617483567142e+00
1.359211357373890650e-01 6.716967141125949588e-05 2.022026431718061623e+00 1.364935160508598200e+00
1.361540064088500035e-01 6.678503458520554067e-05 2.273542600896861110e+00 1.533756845963193838e+00
1.363867967184397567e-01 6.692559243115627019e-05 2.073059360730593603e+00 1.472586811000185181e+00
1.366219029817275776e-01 6.946138516611432591e-05 2.238738738738738743e+00 1.483521476456017618e+00
1.368567259414371073e-01 6.686962625770076724e-05 2.188679245283018826e+00 1.527486388528987327e+00
1.370879062713149799e-01 6.563798020853460155e-05 2.260869565217391131e+00 1.461542288171445048e+00
1.373197126983267125e-01 6.725671536427617889e-05 2.169082125603864597e+00 1.367764154122259157e+00
1.375555620768925402e-01 6.925260661464505163e-05 1.966507177033492759e+00 1.377766130070246398e+00
1.377899351687938978e-01 6.618070308676317348e-05 2.076142131979695549e+00 1.473856797196062995e+00
1.380219266012210066e-01 6.752809196460790695e-05 1.934673366834170904e+00 1.367397533915128749e+00
1.382545611228954419e-01 6.572577943118536358e-05 2.089005235602094057e+00 1.394784443985938038e+00
1.384888270319775960e-01 6.920592491137856391e-05 2.163265306122449161e+00 1.482790349978998057e+00
1.387251204069650523e-01 6.776599831776989474e-05 2.042328042328042326e+00 1.391021290720069636e+00
1.389591668919520073e-01 6.693609892524315735e-05 2.021621621621621401e+00 1.506625251805874477e+00
1.391904057199591371e-01 6.569416018844522961e-05 2.111731843575419099e+00 1.502097406946593772e+00
1.394227790925808841e-01 6.774421325864447493e-05 1.866666666666666696e+00 1.387777332977420564e+00
1.396572113000431603e-01 6.854202640791657957e-05 1.960674157303370801e+00 1.492839450526190603e+00
1.398913498476041517e-01 6.688348527294887597e-05 2.138728323699421896e+00 1.399440946501553595e+00
1.401247906031993506e-01 6.646051683429370267e-05 1.805882352941176494e+00 1.355598413551569070e+00
1.403591895729549288e-01 6.805811419343037823e-05 1.899408284023668569e+00 1.330545443861288923e+00
1.405953485464094266e-01 6.905228462272873535e-05 2.017857142857142794e+00 1.477941549754183459e+00
1.408299829100064793e-01 6.644350311483485528e-05 2.012500000000000178e+00 1.373834733510548523e+00
1.410591665228413116e-01 6.501076246847150089e-05 2.135483870967741726e+00 1.401129320044382176e+00
1.412893301143412494e-01 6.674759269244742439e-05 1.974193548387096708e+00 1.367528893937682843e+00
1.415237124881587039e-01 6.927971403152424041e-05 1.923566878980891737e+00 1.452005793505732001e+00
1.417608398927272528e-01 6.767011984472880734e-05 1.815789473684210620e+00 1.319534145109857670e+00
1.419948711733081126e-01 6.643728084900887214e-05 1.741496598639455717e+00 1.250628052687789316e+00
1.422257950142377936e-01 6.614300048882033553e-05 1.916083916083916039e+00 1.303328420388447428e+00
1.424611599372695714e-01 6.976859826068063314e-05 1.802721088435374153e+00 1.402334381924762452e+00
1.426969880138435620e-01 6.713456917550140600e-05 2.122302158273381423e+00 1.401548900292450162e+00
1.429290483303200521e-01 6.598668785333661462e-05 1.808823529411764719e+00 1.268504896041112939e+00
1.431615992067113707e-01 6.674925674210528508e-05 1.977611940298507509e+00 1.390024287775550427e+00
1.433977864542690939e-01 6.958273395422789138e-05 1.794117647058823595e+00 1.339527495064810170e+00
1.436356797294852938e-01 6.762859419149515740e-05 1.676923076923076961e+00 1.234465603183735993e+00
1.438647788032675900e-01 6.395074090213278628e-05 1.900826446280991844e+00 1.392752028624192118e+00
1.440939223050132778e-01 6.721088340672915884e-05 1.743999999999999995e+00 1.294764843514065067e+00
1.443302270800670972e-01 6.810715064994765275e-05 1.593495934959349603e+00 1.266415120560698160e+00
1.445647386873331885e-01 6.765147823845471715e-05 1.705882352941176405e+00 1.304200597764429759e+00
1.448001674656267668e-01 6.812041505588835896e-05 1.728813559322033955e+00 1.411366831970579883e+00
1.450305141697986189e-01 6.417457142913943864e-05 2.000000000000000000e+00 1.636734273658619232e+00
1.452619539705164164e-01 6.860711380950888425e-05 1.701754385964912242e+00 1.406630300650645538e+00
1.454988966656826088e-01 6.757751339465679083e-05 1.669724770642201817e+00 1.305527474381441788e+00
1.457319267282644326e-01 6.746225896059649557e-05 1.641509433962264231e+00 1.259001056260621310e+00
1.459689564871680389e-01 6.919146774834719811e-05 1.682242990654205572e+00 1.410503007887867533e+00
1.462029517945844237e-01 6.518587451146425451e-05 1.846938775510204023e+00 1.423387094395428765e+00
1.464348845068329241e-01 6.893025110561780433e-05 1.445544554455445496e+00 1.298880094939217189e+00
1.466710325229612644e-01 6.703672746630305742e-05 1.635416666666666741e+00 1.398939330349961763e+00
1.469003469776316018e-01 6.495976429229445050e-05 1.549450549450549497e+00 1.258277747937711188e+00
1.471326263642964982e-01 6.784892292542188277e-05 1.516129032258064502e+00 1.110758413209074202e+00
1.473683745226096187e-01 6.734190408583911583e-05 1.674157303370786609e+00 1.303516070941834082e+00
1.476018743975685277e-01 6.760693685313507080e-05 1.390804597701149392e+00 1.194351881550797856e+00
1.478377306130267688e-01 6.772451548086767131e-05 1.458823529411764630e+00 1.160956532004601804e+00
1.480669483097254435e-01 6.431970194966852195e-05 1.538461538461538547e+00 1.234769141316359509e+00
1.482973419064994303e-01 6.861360276277018620e-05 1.506172839506172867e+00 1.236048494892230121e+00
1.485364113895124294e-01 6.936560494550093024e-05 1.367088607594936667e+00 1.220715286201639271e+00
1.487716162219679672e-01 6.677093946461412058e-05 1.635135135135135087e+00 1.155385648637786478e+00
1.490077522787839059e-01 6.871676643346850033e-05 1.567567567567567544e+00 1.354321061228923595e+00
1.492393961896789634e-01 6.506416229580026540e-05 1.761194029850746245e+00 1.315466539494370535e+00
1.494701913811684602e-01 6.907736733736162202e-05 1.463768115942029047e+00 1.171046778145841349e+00
1.497045353405743462e-01 6.634691779689233710e-05 1.375000000000000000e+00 1.175099729810197946e+00
1.499337638884900847e-01 6.630672807533855592e-05 1.354838709677419262e+00 1.132712894585770513e+00
1.501708286181911156e-01 6.972377942578611605e-05 1.539682539682539764e+00 1.304391095495349706e+00
1.504045133699344061e-01 6.505456575143086920e-05 1.392857142857142794e+00 1.108006575534897786e+00
1.506393971018608890e-01 7.070153912039902559e-05 1.440677966101694851e+00 1.234964151318432402e+00
1.508747560046925229e-01 6.361798606692725948e-05 1.294117647058823595e+00 1.046772377650128538e+00
1.511033451723478305e-01 6.822425875258773191e-05 1.365384615384615419e+00 1.281698669457817630e+00
1.513430592404528541e-01 6.953071659907809779e-05 1.509803921568627416e+00 1.269976856055786030e+00
1.515751618564359637e-01 6.342734358875888579e-05 1.568181818181818121e+00 1.401003182492948751e+00
1.518045724547506525e-01 6.938126820492401424e-05 1.630434782608695565e+00 1.271321001496821923e+00
1.520480234761667215e-01 6.976967995741814512e-05 1.454545454545454586e+00 1.282430543605989293e+00
1.522777008011769462e-01 6.272216552833166940e-05 1.324324324324324342e+00 1.083443365017699556e+00
1.525061322319957446e-01 6.929360622917626303e-05 1.512820512820512775e+00 1.293538282628660330e+00
1.527427011500204213e-01 6.666422581467422144e-05 1.285714285714285809e+00 9.918031404405589502e-01
1.529726548169981215e-01 6.665749530051660659e-05 1.636363636363636465e+00 1.246482654618371599e+00
1.532134048917648539e-01 7.071407902998622368e-05 1.515151515151515138e+00 1.124891587470944421e+00
1.534434790603389775e-01 6.011232516833131041e-05 1.000000000000000000e+00 8.086075400626399068e-01
1.536710418380370924e-01 6.976616835160736295e-05 1.392857142857142794e+00 1.254583433589306907e+00
1.539149550629408947e-01 6.925196045819559246e-05 8.800000000000000044e-01 1.049190163888319871e+00
1.541445478244997391e-01 6.478862577215637321e-05 1.095238095238095344e+00 9.488028021510132026e-01
1.543780235396354228e-01 7.053413531437874686e-05 1.047619047619047672e+00 1.480025739801909879e+00
1.546059873932826012e-01 5.909742656752603256e-05 1.000000000000000000e+00 1.198957880828179778e+00
1.548370283320493757e-01 7.086429496304842972e-05 1.529411764705882248e+00 1.529411764705882470e+00
1.550799786572540917e-01 6.540043890405022008e-05 1.307692307692307709e+00 8.804248570968922216e-01
1.553036635055988490e-01 6.758474544596143726e-05 1.272727272727272707e+00 1.105956823690585455e+00
1.555456416189227586e-01 7.341490814454251594e-05 6.999999999999999556e-01 9.380831519646858352e-01
1.557790343018141677e-01 5.399834121423047510e-05 0.000000000000000000e+00 0.000000000000000000e+00
1.559999688717171595e-01 6.566134794291481655e-05 2.000000000000000111e-01 4.472135954999579832e-01
1.562567987100282052e-01 8.033505465450464550e-05 0.000000000000000000e+00 0.000000000000000000e+00
