# q qerr I(q) I(q)err
3.001749291795529316e-03 1.167853270244704247e-04 7.875666666666667197e+02 5.043011784564780555e+02
3.216946015612575076e-03 6.406021311444656113e-05 1.433101449275362256e+03 4.683389301533285902e+02
3.430819248455692968e-03 7.252053699931147659e-05 1.300988505747126510e+03 3.787109712376501420e+02
3.672101494117159613e-03 7.545375631879780269e-05 1.088111111111111086e+03 2.584491800637899246e+02
3.918307832378639319e-03 7.374016049620304720e-05 8.960000000000000000e+02 1.715041755847088893e+02
4.147718136434350687e-03 6.107192035677698103e-05 7.559578947368421495e+02 1.152462712936579550e+02
4.365502826808959243e-03 6.779080658174564808e-05 6.524112149532710418e+02 8.757001565940750254e+01
4.594999596112334626e-03 7.420628290313399807e-05 5.784146341463414274e+02 6.804435833753247209e+01
4.835936192065706969e-03 7.320149930589021881e-05 5.176904761904761472e+02 6.000070231385386421e+01
5.080814687701338921e-03 7.653000632488168636e-05 4.687500000000000000e+02 4.610583763352411779e+01
5.317078266608570546e-03 6.172106439101172914e-05 4.304390243902439011e+02 4.268153307828981013e+01
5.551471060931053268e-03 7.668524467813574576e-05 3.992469135802469395e+02 3.250008265615038283e+01
5.788366925541485984e-03 6.194770960560404868e-05 3.695703703703703695e+02 3.166569026001718257e+01
6.009776342023025880e-03 6.950277321810145736e-05 3.518709677419354875e+02 2.820744471881556592e+01
6.247094567316056890e-03 7.317752475420629581e-05 3.387894736842105203e+02 2.438209612123216985e+01
6.480842620397410207e-03 6.691741107424957404e-05 3.235849056603773306e+02 2.463650059372652379e+01
6.718305882023165379e-03 7.577205940640407739e-05 3.109336734693877702e+02 2.116059480720596753e+01
6.954283760887284942e-03 6.032943043655961634e-05 3.009509202453987768e+02 2.029514709472123357e+01
7.176272274730767682e-03 6.864708281211200774e-05 2.953191489361702224e+02 2.001384762799034078e+01
7.411440332622126065e-03 7.201436331295212967e-05 2.924800000000000182e+02 1.996852523347680375e+01
7.640547325048651327e-03 6.719666067278881421e-05 2.895638297872340559e+02 1.946516226169592656e+01
7.880909625388352394e-03 7.780078248694467205e-05 2.883559322033898411e+02 1.774901019287480963e+01
8.119534573631228755e-03 6.182975050629921810e-05 2.894397905759162200e+02 1.820196430660280740e+01
8.341212846027333885e-03 7.037901862628595019e-05 2.918858447488584602e+02 1.714856277688161867e+01
8.584257463478678699e-03 7.672081168970473167e-05 2.978326693227091368e+02 1.944619759029059125e+01
8.826919166718070683e-03 6.518131950376178396e-05 3.021187214611871923e+02 1.840327447083053158e+01
9.051576779129599792e-03 7.018745924619574326e-05 3.094791666666666856e+02 1.747037671316792284e+01
9.278754197832399936e-03 6.574873290523112796e-05 3.179867841409691778e+02 1.775170738658813363e+01
9.511181178050998053e-03 7.470724405325664997e-05 3.290820895522388128e+02 1.833165398317801831e+01
9.756331684265373561e-03 7.268311501543828993e-05 3.392740740740740648e+02 2.007458247272023755e+01
9.992460030236703650e-03 6.501341219802315996e-05 3.479285714285714448e+02 1.958605785071409500e+01
1.021767907988490980e-02 6.882116667024825156e-05 3.579662921348314626e+02 1.919646726641825651e+01
1.044627826021552429e-02 6.776641009522302674e-05 3.669015151515151274e+02 1.958028740745849205e+01
1.067941769640304468e-02 7.427835917673683769e-05 3.747357859531772419e+02 1.862469167675969572e+01
1.092103363594707117e-02 6.948634926740279217e-05 3.812397260273972392e+02 2.058847088137563119e+01
1.115205959515964615e-02 6.613677834257579403e-05 3.901060070671377957e+02 1.866507157238641668e+01
1.138090927839274270e-02 7.036315799772670850e-05 3.929177631578947398e+02 1.800784385400104171e+01
1.161908717993895106e-02 7.230519164610463203e-05 3.945474683544304071e+02 1.924367687068365029e+01
1.185129732832000682e-02 6.908715592862023315e-05 3.959772727272727479e+02 1.981774245908787435e+01
1.208558089049110301e-02 7.062077464939989495e-05 3.962048929663608305e+02 1.927520606903416223e+01
1.231793957662911075e-02 6.797072397413507841e-05 3.957626582278480782e+02 2.017713974860030746e+01
1.255104362664789287e-02 7.284146348496770690e-05 3.930804597701149419e+02 2.036638736848347619e+01
1.278854709885444453e-02 6.836902354776895477e-05 3.915331325301204970e+02 1.770696621769620904e+01
1.301955791686103432e-02 7.052250088700313892e-05 3.866079545454545610e+02 2.007178209816144587e+01
1.325028003696187423e-02 6.572913682214379116e-05 3.805240963855421796e+02 1.913689832459396456e+01
1.348330464865910884e-02 7.403947498893654331e-05 3.745026315789473870e+02 1.856507048479114630e+01
1.372355777471481568e-02 7.011324266142941383e-05 3.697874659400545170e+02 1.866054207527087172e+01
1.396363525470880468e-02 7.100822662538032210e-05 3.610025773195876013e+02 1.934534228286583968e+01
1.419611930545690293e-02 6.442105916470620042e-05 3.543089887640449547e+02 1.850829757927289165e+01
1.442295386479172138e-02 6.909816387485589995e-05 3.439736842105263008e+02 1.876122194190619652e+01
1.465427040331478310e-02 7.032050413528805792e-05 3.360971867007672813e+02 1.888289419898618959e+01
1.488826669148199562e-02 6.870854531503662287e-05 3.252607594936708892e+02 1.917893111761686953e+01
1.512493372137564684e-02 7.038106039296808131e-05 3.150754257907542524e+02 1.866034850665896627e+01
1.535996817115549591e-02 6.948886920014566576e-05 3.061078431372549176e+02 1.878590436488519799e+01
1.559107684366512793e-02 6.926322144844645774e-05 2.963399999999999750e+02 1.883587667192584547e+01
1.582030048556574975e-02 6.778990216657608829e-05 2.899069767441860677e+02 1.763428054925277166e+01
1.604934829520379691e-02 6.632072085052491666e-05 2.803141361256544428e+02 1.706183839221650089e+01
1.628904364851086611e-02 7.370425539511840857e-05 2.732612826603325402e+02 1.757160580646041836e+01
1.652925296731121152e-02 6.866669088367037858e-05 2.692164948453608417e+02 1.594522121862582686e+01
1.676290647126136429e-02 6.841736000850834820e-05 2.687135549872122624e+02 1.602113627217330816e+01
1.698898227523908816e-02 6.513545783602395407e-05 2.677762803234501234e+02 1.584784522388926753e+01
1.721559450095504207e-02 6.815141817037284600e-05 2.673049095607235017e+02 1.659919097538181987e+01
1.745425431013439971e-02 7.361591577158020986e-05 2.702612826603325402e+02 1.683647213048302405e+01
1.769237993647997109e-02 6.752629516254465077e-05 2.724818652849741056e+02 1.635097998380453532e+01
1.792581344598703774e-02 6.995690167491317953e-05 2.763135802469136024e+02 1.624545436052721215e+01
1.815810556613557669e-02 6.785108792352181407e-05 2.786163682864450379e+02 1.641836907233883736e+01
1.839232362436072146e-02 7.095327149885457684e-05 2.816430317848410709e+02 1.601981701194689833e+01
1.863037138017983527e-02 7.115596482089993704e-05 2.839401913875598211e+02 1.607275957703703995e+01
1.886280557207787104e-02 6.449751950033663162e-05 2.848694516971279427e+02 1.738958768592754112e+01
1.909573960115521288e-02 7.170118321703184772e-05 2.869743589743589496e+02 1.624647656315767463e+01
1.933100079269604518e-02 6.740791281490355268e-05 2.872853535353535221e+02 1.597346603533247489e+01
1.956643258492160933e-02 7.263834258317552345e-05 2.866428571428571672e+02 1.636199694542609961e+01
1.980140115393233882e-02 6.562685565221032481e-05 2.878546365914787089e+02 1.666772604845390759e+01
2.002553894851007155e-02 6.516318768203393532e-05 2.853863636363636260e+02 1.707228191886940749e+01
2.025791866108470757e-02 7.136486459924699065e-05 2.836979405034325055e+02 1.709482411844686567e+01
2.049506424590396420e-02 6.900197405484374000e-05 2.804248210023866363e+02 1.624696091886819360e+01
2.073118625762118000e-02 7.052247030088847036e-05 2.793073394495413027e+02 1.696705684589852225e+01
2.096357000287297698e-02 6.647394664901699988e-05 2.756908212560386460e+02 1.717022728952598598e+01
2.119430833328746558e-02 6.961349209216719826e-05 2.734462616822430050e+02 1.623708762905991065e+01
2.143145413784678169e-02 7.298555940605846982e-05 2.712800875273522934e+02 1.683875316231361197e+01
2.167047737296409413e-02 6.691391229536730319e-05 2.695433255269321080e+02 1.625538943618282062e+01
2.189928641736541004e-02 6.715504648428360229e-05 2.678787878787878753e+02 1.549355650395358275e+01
2.212935186570120366e-02 6.857374351609249376e-05 2.663940774487471685e+02 2.008417472636640966e+01
2.236393702227972707e-02 6.998460737683496991e-05 2.651636771300448459e+02 2.231200561857675879e+01
2.259777835583483968e-02 6.986464902764970590e-05 2.631681415929203354e+02 1.675846037691752244e+01
2.283319440761695171e-02 6.790936196889400258e-05 2.620426008968609608e+02 1.696357434835960376e+01
2.306264206423920202e-02 6.694360958493462607e-05 2.623863636363636260e+02 1.678180186889781922e+01
2.329708818082978222e-02 7.159338094189254982e-05 2.613397027600849469e+02 1.672031623734263661e+01
2.353543375433993223e-02 6.985578503684801541e-05 2.608474945533769187e+02 1.640408659120339863e+01
2.377007062717483368e-02 7.009305664980517553e-05 2.610575692963752772e+02 1.595359095591607179e+01
2.400302358301376407e-02 6.597292527615178370e-05 2.598157303370786622e+02 1.746435893038699660e+01
2.423507457935474702e-02 7.157919103467260530e-05 2.586962809917355344e+02 1.663518684280382587e+01
2.447096161315339205e-02 6.736211404920262771e-05 2.590000000000000000e+02 1.565581601716750626e+01
2.470427111069508144e-02 6.982655739072169126e-05 2.589417879417879362e+02 1.562644167820933916e+01
2.493809997853204188e-02 6.775469533352249248e-05 2.595266524520255871e+02 1.603982540201365836e+01
2.517118618717203993e-02 6.980743985615223796e-05 2.589702127659574558e+02 1.710770345279286531e+01
2.540636145408604191e-02 6.938193712001703524e-05 2.578511111111110949e+02 1.624157050120702905e+01
2.563827354025385516e-02 6.629623788449823620e-05 2.568434579439252161e+02 1.630329901396506642e+01
2.586948195348701476e-02 6.770189532135148904e-05 2.562332563510392447e+02 1.575180435171263227e+01
2.609745587984336687e-02 6.509333995869156359e-05 2.557720588235294201e+02 1.616259097068948591e+01
2.633484837400032474e-02 7.348807666944635701e-05 2.544471365638766542e+02 1.665764885058177214e+01
2.657557098811626564e-02 6.881179166339853475e-05 2.525261904761904646e+02 1.655102054796435951e+01
2.680365379537597362e-02 6.422825624438124588e-05 2.499387755102040956e+02 1.639285476095182759e+01
2.703234577850367401e-02 6.946685782169436285e-05 2.481258907363420292e+02 1.568972110690988231e+01
2.726970666685900324e-02 6.993093227310868997e-05 2.462874109263657942e+02 1.543852345228597756e+01
2.750750127458209335e-02 6.961999393279447927e-05 2.456309523809523796e+02 1.562609451948799055e+01
2.774064166089718064e-02 6.699331928476430444e-05 2.421791044776119293e+02 1.597193461913223622e+01
2.797286317169397213e-02 6.855334754057274232e-05 2.411151960784313815e+02 1.598120073438556865e+01
2.820747942598401947e-02 7.000105603626221500e-05 2.381626213592232943e+02 1.595870482480245123e+01
2.843871508024181996e-02 6.660692948204320466e-05 2.361256410256410163e+02 1.563796901616992585e+01
2.867376841695860532e-02 7.113061539282546195e-05 2.336611374407582957e+02 1.516936015979283070e+01
2.890771417331186935e-02 6.480505975226419921e-05 2.317015706806282651e+02 1.512943116936541976e+01
2.913907964587559782e-02 7.035121785828480224e-05 2.298799019607843093e+02 1.419308336607554644e+01
2.937603130710666338e-02 7.051255909955699420e-05 2.276502463054187331e+02 1.473208900186273951e+01
2.960814043237767687e-02 6.584026763423021398e-05 2.245170603674540644e+02 1.499200628366309651e+01
2.983961579365264002e-02 6.983920439112704980e-05 2.227921760391197950e+02 1.482135899613572505e+01
3.007086711816524260e-02 6.649470887843013508e-05 2.206898395721925112e+02 1.595135580293188582e+01
3.030849094681176484e-02 7.199344525738288452e-05 2.178020833333333428e+02 1.555088760334072262e+01
3.054989504902336575e-02 6.904743658252054722e-05 2.185320334261838582e+02 1.585975387243510681e+01
3.078165236014722417e-02 6.430462589111944952e-05 2.154018404907975537e+02 1.514062514778147950e+01
3.100904415161786359e-02 6.891371557748558090e-05 2.130412979351032448e+02 1.487652851538810239e+01
3.124378004707335788e-02 6.802347259085625550e-05 2.110884146341463463e+02 1.493578984396000031e+01
3.148005278710188509e-02 6.963790735804129299e-05 2.086366366366366378e+02 1.501827412076952584e+01
3.171371101549351479e-02 6.491098522060580905e-05 2.071948051948051841e+02 1.331041805786058241e+01
3.194253270530488659e-02 6.643720727097939297e-05 2.058229508196721440e+02 1.380808296128910406e+01
3.217772739409639066e-02 7.207253078604244857e-05 2.031358024691357969e+02 1.385430811610632951e+01
3.241258335410790448e-02 6.484611046219248903e-05 2.021707317073170600e+02 1.389442583417875632e+01
3.264445272271138121e-02 7.067815627986795619e-05 2.013782051282051384e+02 1.401358658496670984e+01
3.288009324972624575e-02 6.514072171913584642e-05 1.989824561403508767e+02 1.336766125759070789e+01
3.311251835395861987e-02 6.923154512368420417e-05 1.979523809523809632e+02 1.414349273635352233e+01
3.334620240946842284e-02 6.906008769013418584e-05 1.962708333333333428e+02 1.436541296653437882e+01
3.358123372194379841e-02 6.790165455744005493e-05 1.937571428571428669e+02 1.421785131158598503e+01
3.381409346726198945e-02 6.946853510284985394e-05 1.927042253521126725e+02 1.417643590796251019e+01
3.405235163866184023e-02 6.660978410321308902e-05 1.915559440559440532e+02 1.386172483933876975e+01
3.428443415797702287e-02 7.014504093919582688e-05 1.899968553459119391e+02 1.536259789829068900e+01
3.451790515064617759e-02 6.752790833138901940e-05 1.886139240506329031e+02 1.392969606498097157e+01
3.475058674309065149e-02 6.860561414856442648e-05 1.858990825688073301e+02 1.434860527775923877e+01
3.498255247524993672e-02 6.949851211445105619e-05 1.844656716417910332e+02 1.417163668230634244e+01
3.521787450520567214e-02 6.928285379750772884e-05 1.830906432748537895e+02 1.429690195674172770e+01
3.545148567192742128e-02 6.819735758945621247e-05 1.810409356725146210e+02 1.403259237076411736e+01
3.568299999600531985e-02 6.771859016455015492e-05 1.794637681159420310e+02 1.278917804177605611e+01
3.591626020472690056e-02 6.847219215976182126e-05 1.793105413105413106e+02 1.317950380789798537e+01
3.615098875833893527e-02 7.052968595604587306e-05 1.768484848484848442e+02 1.294718186802569093e+01
3.638614682571900127e-02 6.820923678434241515e-05 1.746468926553672247e+02 1.339886879391055707e+01
3.661805186382561389e-02 6.907515541028400551e-05 1.737548209366391063e+02 1.326015738164308289e+01
3.685317606104113880e-02 6.904996252045599340e-05 1.718913043478260931e+02 1.326419906526964709e+01
3.708883642168768480e-02 6.873622836593106498e-05 1.697216216216216083e+02 1.284692082664470369e+01
3.732239511597464088e-02 6.812675490547725891e-05 1.685799457994579882e+02 1.383903512081350407e+01
3.755463123269808107e-02 6.778877579542675561e-05 1.656222826086956559e+02 1.385053361525183924e+01
3.778670279175407737e-02 6.944847979951479207e-05 1.645755968169761161e+02 1.261684603796492610e+01
3.802298536488796232e-02 7.020534180361206209e-05 1.623012987012986912e+02 1.249928316379395277e+01
3.825885045270431550e-02 6.844491048717255130e-05 1.602808398950131163e+02 1.238588127838840336e+01
3.849029289296715395e-02 6.652498920162236353e-05 1.582079999999999984e+02 1.223502992776614917e+01
3.872248042820892328e-02 6.790361104831614330e-05 1.589041450777202158e+02 1.281659763369453309e+01
3.895386220490307250e-02 6.719082682281010037e-05 1.561029023746701796e+02 1.273404529301036803e+01
3.918674717410664671e-02 7.000314829290660062e-05 1.539417721518987321e+02 1.242207126490969493e+01
3.942407118577949399e-02 7.012279782529274620e-05 1.514565756823821232e+02 1.220517795277351425e+01
3.965683877455637024e-02 6.593437650155711338e-05 1.501168831168831161e+02 1.142654202760922111e+01
3.988742774945142761e-02 6.864886435371258416e-05 1.498511166253101692e+02 1.194164035954793768e+01
4.012278533538721215e-02 6.997066240485112700e-05 1.476932367149758534e+02 1.201928143972573615e+01
4.035757945334737112e-02 6.763234382336403173e-05 1.459702970297029765e+02 1.258531419235382742e+01
4.059262090047784100e-02 7.047756166092368556e-05 1.441752336448598157e+02 1.214149761258289217e+01
4.082512016076288858e-02 6.496092607463988043e-05 1.431460957178841227e+02 1.230537886363248212e+01
4.105717491102069128e-02 7.111181249420595236e-05 1.403599088838268756e+02 1.227526860700494815e+01
4.129381576814993016e-02 6.732684386414472533e-05 1.404452380952380963e+02 1.221749192115703586e+01
4.152473579130346731e-02 6.726668318915885337e-05 1.385636792452830264e+02 1.175505153753285192e+01
4.175787959977999425e-02 6.911235940839533670e-05 1.365570776255707699e+02 1.258002966735275585e+01
4.199237839299468922e-02 6.860112016482474860e-05 1.364239631336405409e+02 1.203168002819190896e+01
4.222717975068539242e-02 7.045110183040372183e-05 1.353008849557522240e+02 1.192550443553549044e+01
4.246249924109424950e-02 6.709506009279194230e-05 1.316887871853546983e+02 1.171411593888901059e+01
4.269335040669582776e-02 6.700621335665329654e-05 1.307334851936218740e+02 1.090030941995122760e+01
4.292717084091476204e-02 6.896437123237502613e-05 1.298827433628318602e+02 1.198013364212478749e+01
4.316007288560289035e-02 6.735835804845247382e-05 1.296446469248291464e+02 1.173669067062542126e+01
4.339440191910803879e-02 7.037245596857638261e-05 1.271450216450216431e+02 1.120938349299975556e+01
4.363144753970988471e-02 6.826143681517027339e-05 1.256651884700665249e+02 1.076272089579678592e+01
4.386107962274469335e-02 6.624164794214468591e-05 1.246490825688073443e+02 1.106506597935658576e+01
4.409573705596323001e-02 7.170940769140793695e-05 1.236939203354297661e+02 1.136704257012361730e+01
4.433534367545302612e-02 6.775590854826653211e-05 1.220372807017543835e+02 1.102393762124638421e+01
4.456682912223779158e-02 6.610492296161660122e-05 1.208861607142857082e+02 1.071715084459322576e+01
4.479780304487864656e-02 6.786442677967826091e-05 1.193216630196936592e+02 1.103317428441186721e+01
4.503013318854280633e-02 6.853635641818868680e-05 1.187254901960784252e+02 1.111184349758486611e+01
4.526436263630335272e-02 6.918514626283685297e-05 1.181070663811563151e+02 1.092045933132468427e+01
4.549984770861909000e-02 6.833630877532204714e-05 1.155760171306209827e+02 1.099889301505980654e+01
4.573057769171592901e-02 6.540293680537103750e-05 1.147839643652561250e+02 1.125220379382663261e+01
4.596282480080345761e-02 6.990247096589263711e-05 1.138347280334727998e+02 1.047888674684963561e+01
4.619732296389236076e-02 6.786250507108923557e-05 1.121233766233766289e+02 1.039460513057341018e+01
4.643258444511101646e-02 7.033191385126720280e-05 1.114164948453608304e+02 9.516700950519211943e+00
4.666845704786030252e-02 6.692058153033048496e-05 1.097780172413793167e+02 1.017115531373752901e+01
4.689934413756127740e-02 6.802189408205146866e-05 1.084798301486199534e+02 1.025285815016840019e+01
4.713438507358027468e-02 6.944147399833233919e-05 1.071632231404958731e+02 1.003972158448067020e+01
4.736795136815064727e-02 6.656957436849283657e-05 1.060706638115631648e+02 1.040494228205989025e+01
4.759859747438226207e-02 6.769763208725077138e-05 1.051284210526315803e+02 1.004058026597877173e+01
4.783274694655795245e-02 6.928267493286968941e-05 1.042804123711340196e+02 1.042480629303058492e+01
4.806634396749334681e-02 6.807281927440189521e-05 1.026464435146443464e+02 1.003736694263946561e+01
4.830248047396420996e-02 6.966332651828869844e-05 1.016088709677419359e+02 1.002474054835907857e+01
4.853643200824572096e-02 6.606102041943429451e-05 1.005517970401691343e+02 9.304745745141303814e+00
4.876414520816241271e-02 6.613248851928526920e-05 9.946284501061570893e+01 1.005489841992569389e+01
4.899792577344610350e-02 7.109046729717630826e-05 9.808910891089108475e+01 9.995749513293960220e+00
4.923470399315162116e-02 6.843725681761876167e-05 9.718312757201645979e+01 1.001828418706534585e+01
4.947209300203903731e-02 7.062440267994869150e-05 9.617612524461839030e+01 9.769788975244056317e+00
4.970767414357019076e-02 6.568520737628115111e-05 9.494154488517744994e+01 9.542488744766099984e+00
4.993955421601320444e-02 6.870069007268534431e-05 9.349699398797595506e+01 8.970251713388146086e+00
5.017343134654914799e-02 6.784437425331957467e-05 9.200000000000000000e+01 9.860850046337974462e+00
5.040364307755263590e-02 6.549987049623397846e-05 9.165072765072764582e+01 9.129351464144042083e+00
5.063525219032424807e-02 6.906177440634427543e-05 9.083003952569170281e+01 9.381696653183901446e+00
5.087248401921887209e-02 6.982607771126056830e-05 8.923333333333333428e+01 8.735376201722564460e+00
5.110824603904627617e-02 6.828347019243583200e-05 8.742514970059880852e+01 9.532784931479694635e+00
5.134041616444540157e-02 6.749734166748146504e-05 8.749599999999999511e+01 9.011158416097234891e+00
5.157233759481640728e-02 6.701141620730611365e-05 8.606012024048095554e+01 9.397293827939474653e+00
5.180603234918396832e-02 6.902301690403682475e-05 8.510331384015594836e+01 9.041665271276135840e+00
5.204093912643181080e-02 6.858285367200194556e-05 8.358153241650295229e+01 8.938718228583068637e+00
5.227550176404114485e-02 6.841128413638082530e-05 8.296491228070175339e+01 9.257875140212295406e+00
5.250874134631969281e-02 6.710124584087647154e-05 8.188362919132150353e+01 9.170101678597525563e+00
5.273983379343173683e-02 6.699865505256583098e-05 8.082504970178926840e+01 9.564204868067617937e+00
5.297309563147201833e-02 7.004200559247158596e-05 8.005313092979126566e+01 8.410999108637133403e+00
5.320870841843343413e-02 6.736639692893721994e-05 7.862622309197651305e+01 9.338831125883384487e+00
5.344158726524587955e-02 6.810737650478912789e-05 7.799036608863198694e+01 8.557292149598920261e+00
5.367526270033567970e-02 6.805918753122887452e-05 7.660886319845857884e+01 8.897208768912951982e+00
5.391026527670270824e-02 6.883326900963864436e-05 7.594106463878327418e+01 8.561465759296511990e+00
5.414369868353056253e-02 6.749358219613563344e-05 7.522350674373795698e+01 8.270160947015352093e+00
5.437486949081267451e-02 6.641570492905651368e-05 7.393968871595330938e+01 9.040878848213534269e+00
5.460633195359332337e-02 6.803263502740879241e-05 7.305513307984790572e+01 8.622463397729170254e+00
5.484155575107002578e-02 6.931669974032373370e-05 7.224719101123595522e+01 8.553819259719908530e+00
5.507758596231705078e-02 6.905344121730599505e-05 7.130393996247654798e+01 8.728558899475672206e+00
5.531123208233620220e-02 6.772891677133621323e-05 6.994318181818181301e+01 8.355074514606563696e+00
5.554365515600671876e-02 6.719762712666427933e-05 6.889142857142857679e+01 7.961060333438825687e+00
5.577734969999190856e-02 6.950070055363419556e-05 6.802025782688765787e+01 8.063833431839208643e+00
5.601099427749139242e-02 6.700515619549475674e-05 6.702285714285714846e+01 8.002945716175664970e+00
5.624621814925619134e-02 7.010497752434535551e-05 6.642960288808664870e+01 7.786198114288648497e+00
5.648196424828423601e-02 6.688681858197991978e-05 6.559887005649717651e+01 8.097238397438575319e+00
5.671540211382259528e-02 6.857993554508776460e-05 6.455064456721915178e+01 7.830255802214838745e+00
5.695057597478152267e-02 6.911508132478911160e-05 6.354909090909090708e+01 7.704275511495211504e+00
5.718334936048233286e-02 6.546013463055807180e-05 6.272485768500948922e+01 7.503551242990785575e+00
5.741421041024297178e-02 6.793445858109002969e-05 6.235948905109489004e+01 7.690469519754953076e+00
5.764613918380164653e-02 6.637197386990278968e-05 6.081460674157303714e+01 7.486749927935397508e+00
5.788167249397389164e-02 7.061552392955100337e-05 6.007922535211267956e+01 7.799367309626475731e+00
5.811737136754223376e-02 6.704761694123777174e-05 5.961552680221811329e+01 7.689641242801976695e+00
5.834837921127641880e-02 6.699294913716081861e-05 5.838786764705882604e+01 7.370892150352498007e+00
5.858116591208732682e-02 6.832957605342608631e-05 5.812050359712230119e+01 7.282709241041429138e+00
5.881666226357543104e-02 6.848621822711322728e-05 5.670125223613595722e+01 7.876712168776455414e+00
5.905135363872197202e-02 6.777347974127791586e-05 5.616967509025270999e+01 7.217635368926883288e+00
5.928387195222793726e-02 6.772469370990553635e-05 5.493525179856115415e+01 7.045152973885223879e+00
5.951647621897535045e-02 6.683838279782646321e-05 5.350090744101633078e+01 7.508404299497970946e+00
5.974911582084686118e-02 6.869520850335110538e-05 5.330796460176991047e+01 7.378001518973233530e+00
5.998323909506843993e-02 6.775808722689177679e-05 5.308050089445438147e+01 6.819741148992077839e+00
6.021684065425213228e-02 6.821508261215899929e-05 5.156460176991150490e+01 7.090122337170903677e+00
6.045118304879574384e-02 6.844978444519072473e-05 5.066373239436619969e+01 7.022027291903420121e+00
6.068596061100132305e-02 6.815720570038588807e-05 5.020494699646643255e+01 6.972488984721357141e+00
6.092170969789185986e-02 6.974114108008298168e-05 4.943396226415094219e+01 7.039296889767340026e+00
6.115588848048909842e-02 6.553171796432443320e-05 4.851444043321299660e+01 6.884149496528606527e+00
6.138574783689496051e-02 6.713556217832948266e-05 4.778207381370825857e+01 6.620620610648735749e+00
6.161712726612254831e-02 6.659023579644488087e-05 4.747957371225577106e+01 6.609642919471417244e+00
6.184947732418764887e-02 6.842032557768410134e-05 4.626343154246100653e+01 6.285277815816121993e+00
6.208512874242018420e-02 6.932646695378516153e-05 4.532307692307692548e+01 6.628256211676383458e+00
6.232030440033373142e-02 6.786811594346220963e-05 4.499825783972125492e+01 6.701187751041068452e+00
6.255454887890503357e-02 6.903232039090102389e-05 4.445144804088585744e+01 6.498567227387050949e+00
6.279030404341265359e-02 6.817541082358109035e-05 4.302577319587629034e+01 6.258964591541861466e+00
6.302442562177140717e-02 6.783890935135950873e-05 4.281849315068492956e+01 6.366325520159629825e+00
6.325799215551787535e-02 6.707804214318665616e-05 4.206024096385542066e+01 6.461450869938431651e+00
6.349026508375751887e-02 6.699336420408434482e-05 4.124352331606217348e+01 6.336001628950034714e+00
6.372409184272515015e-02 6.892879157383024775e-05 4.113065326633165597e+01 6.355327194532836899e+00
6.395793742953777283e-02 6.642518885272369008e-05 3.977469670710571847e+01 6.018527902115735628e+00
6.419031457975818422e-02 6.826620328541081642e-05 3.901340033500837734e+01 6.357167468340559680e+00
6.442283327309653029e-02 6.576027226970875277e-05 3.884575389948007285e+01 6.297384377791464871e+00
6.465485140213383941e-02 6.860083938040020173e-05 3.796153846153845990e+01 6.325358652181230390e+00
6.489057688868674068e-02 6.918162283112673440e-05 3.745695364238410718e+01 5.934149926058577051e+00
6.512677614053768993e-02 6.800662934234975800e-05 3.678559463986599809e+01 5.681281042658092417e+00
6.535916383847417688e-02 6.723036061670840198e-05 3.694097807757167118e+01 6.198225717236244492e+00
6.559238943166004199e-02 6.775429361515336514e-05 3.534166666666666856e+01 5.834995001426023009e+00
6.582758612999557724e-02 6.859118299963685495e-05 3.514614121510673073e+01 5.664271623641341513e+00
6.606077625847779633e-02 6.646968386304463305e-05 3.444182124789207222e+01 5.876566872151379073e+00
6.629499012582010242e-02 6.873985157622226514e-05 3.332899022801302635e+01 5.534739703893251317e+00
6.652802461243248477e-02 6.667147267887053093e-05 3.316302521008403659e+01 5.744467499852394354e+00
6.676018753795931460e-02 6.790988101603729471e-05 3.259441707717569869e+01 5.634665086091018793e+00
6.699409877892320564e-02 6.752760488477305384e-05 3.208538587848932622e+01 5.644597998836414554e+00
6.722746570366622265e-02 6.715296906548569008e-05 3.122495894909688019e+01 5.627665299280611322e+00
6.746032149556230317e-02 6.698676487551811836e-05 3.050165016501650328e+01 5.626141248363273561e+00
6.769235389026706518e-02 6.820371575645631246e-05 3.007654723127035723e+01 5.358405194970599084e+00
6.792641117254087646e-02 6.820173351531172944e-05 2.956097560975609895e+01 5.079373943601039443e+00
6.816107073590284282e-02 6.878058967958357989e-05 2.944711538461538325e+01 5.210581861775545498e+00
6.839600153518463066e-02 6.745423942297350728e-05 2.822852512155591498e+01 5.305727079558351100e+00
6.862947544649959652e-02 6.741836193410811529e-05 2.814077669902912504e+01 5.257587090363455395e+00
6.886076050521675040e-02 6.695139243677821319e-05 2.755301794453507469e+01 5.231832534752227204e+00
6.909448405671331228e-02 6.857937925099385861e-05 2.687599364069952301e+01 4.999078372550786575e+00
6.933147198058889349e-02 6.945851940459737387e-05 2.624726134585289472e+01 5.016901008159000419e+00
6.956615814272766596e-02 6.659838482515636180e-05 2.574308943089430812e+01 4.872212769112152841e+00
6.979892421020185422e-02 6.845449894488580623e-05 2.552755905511811108e+01 4.667494442525748077e+00
7.003324628087082004e-02 6.708437855477542738e-05 2.494089456869009425e+01 4.982357691766663876e+00
7.026696723216839524e-02 6.749325677359571186e-05 2.431012658227848178e+01 4.824699983532737768e+00
7.049943687314187690e-02 6.712218498041330988e-05 2.399840255591054472e+01 4.861171187242866232e+00
7.073256586487845776e-02 6.824893734348157486e-05 2.375667189952904224e+01 4.780756956204316843e+00
7.096739529320396367e-02 6.805665211298504431e-05 2.311093749999999858e+01 4.719347540808739971e+00
7.119963565831700925e-02 6.604383357070072315e-05 2.256410256410256565e+01 4.602814077919880731e+00
7.143251491571993295e-02 6.833023575511234995e-05 2.230340557275541968e+01 4.926524518223513560e+00
7.166748936443330387e-02 6.797747120010720200e-05 2.169626168224299079e+01 4.629491553082446309e+00
7.190239887094113103e-02 6.812567208000406508e-05 2.131782945736433987e+01 4.881091946504279910e+00
7.213564083891418899e-02 6.727815908267241148e-05 2.062031250000000071e+01 4.468877839080521497e+00
7.236775266651256089e-02 6.677609510169290425e-05 2.067398119122256972e+01 4.516924299096721107e+00
7.260248712279285255e-02 6.869830537591529508e-05 2.027575757575757720e+01 4.304347322992341240e+00
7.283623165966979229e-02 6.586822544777081725e-05 1.920944881889763778e+01 4.578682676127502127e+00
7.306707252174290956e-02 6.700747180961246050e-05 1.924961240310077670e+01 4.429650276762785666e+00
7.329949258276330371e-02 6.772475651974369101e-05 1.872657450076804864e+01 4.421018231729011205e+00
7.353390515197159860e-02 6.826447305255654060e-05 1.809465648854961728e+01 3.940826811800832719e+00
7.377004759623378982e-02 6.923659859914002232e-05 1.796711509715994026e+01 4.095869742744350006e+00
7.400585793887086428e-02 6.684871515157072869e-05 1.752914110429447803e+01 4.113045134235927769e+00
7.423882513885866896e-02 6.705699330302101503e-05 1.721493902439024382e+01 3.878471799677331688e+00
7.447179934364664411e-02 6.729631389406922585e-05 1.678419452887537844e+01 3.921366112064363030e+00
7.470386502595725842e-02 6.677743912390293128e-05 1.677846153846153854e+01 3.948685647553532796e+00
7.493684316276932877e-02 6.880723494932199492e-05 1.629420505200594249e+01 3.858577524459722685e+00
7.517114345002372244e-02 6.635401491145231717e-05 1.586238532110091803e+01 3.841961516454146963e+00
7.540400894130300236e-02 6.796181942783490750e-05 1.545223880597014876e+01 3.748715975314431681e+00
7.563888952420828871e-02 6.793007447686484233e-05 1.489120715350223634e+01 3.517880519893920699e+00
7.587212767299332528e-02 6.666720262525264009e-05 1.470561456752655616e+01 3.791131501105744483e+00
7.610444662739059007e-02 6.812128212821508440e-05 1.417333333333333378e+01 3.685184217383085770e+00
7.633840355552658219e-02 6.704448074672975544e-05 1.409473684210526301e+01 3.855886295196987668e+00
7.657294088866806181e-02 6.913426714198188134e-05 1.395196506550218274e+01 3.840595010197486836e+00
7.680909613855584073e-02 6.745120118354667115e-05 1.338461538461538503e+01 3.664434983809776281e+00
7.704345247504407190e-02 6.715677607695802020e-05 1.320562130177514781e+01 3.536710323417482371e+00
7.727476474555629304e-02 6.635027155862049334e-05 1.280209895052473712e+01 3.326031794328081048e+00
7.750787862388756888e-02 6.818542687846034010e-05 1.253508771929824483e+01 3.464669841248082971e+00
7.774237043501058819e-02 6.813069542586966778e-05 1.217664233576642374e+01 3.349213421046760342e+00
7.797665167592943147e-02 6.707760415591992138e-05 1.198091042584434618e+01 3.443850580711081300e+00
7.821051974065167112e-02 6.733218681971041611e-05 1.154598540145985375e+01 3.338636341503953275e+00
7.844387394979719652e-02 6.745944882601931131e-05 1.127591240875912426e+01 3.283697503594733558e+00
7.867743152837132492e-02 6.749240172701480983e-05 1.130072992700729984e+01 3.391993657238999926e+00
7.890970530980039033e-02 6.748164380015466649e-05 1.096793002915451964e+01 3.268424427324133408e+00
7.914414745391105954e-02 6.806851035759457725e-05 1.061063218390804685e+01 3.267326043444541028e+00
7.937949292746850072e-02 6.797541296510754361e-05 1.035632183908045967e+01 3.245684248951146600e+00
7.961030015032465046e-02 6.738864298828837172e-05 1.015757575757575815e+01 3.175132948056329507e+00
7.984598519055025045e-02 6.790561728139939753e-05 9.696261682242990787e+00 2.875253555044113618e+00
8.007687882222253029e-02 6.447056716295559542e-05 9.643097643097643612e+00 3.099359062116808783e+00
8.030494588125068611e-02 6.608834776223229527e-05 9.589527027027026307e+00 3.026025790614455424e+00
8.054004005809645150e-02 6.984151446891397389e-05 9.052545155993431791e+00 3.014843165176997353e+00
8.077714850029885096e-02 6.767392876517773568e-05 8.899827288428324934e+00 2.957701171120302508e+00
8.101269351174554545e-02 6.824941035471516354e-05 8.698961937716262582e+00 2.881247789061695208e+00
8.124499042027705231e-02 6.566391543360840461e-05 8.316270566727604674e+00 2.928958192320869180e+00
8.147763778805076906e-02 6.850612538316699495e-05 8.223214285714286476e+00 2.907294222103698811e+00
8.171370565696982335e-02 6.843303816104012401e-05 7.819168173598553651e+00 2.740670838779126317e+00
8.194644813657113447e-02 6.527704147071792412e-05 7.730916030534350725e+00 2.695341640292172602e+00
8.217941383646631959e-02 6.844304487629756508e-05 7.678966789667896364e+00 2.809387002313370907e+00
8.241354877640369447e-02 6.643977738405588268e-05 7.458413926499033231e+00 2.848805889631868649e+00
8.264613760478992099e-02 6.785385497585561844e-05 7.078694817658349514e+00 2.631877593755059142e+00
8.288072046378301694e-02 6.777539431253258432e-05 7.081237911025144882e+00 2.630600039531753254e+00
8.311212554025591837e-02 6.484000319727093505e-05 6.767346938775510523e+00 2.484336604243073232e+00
8.334638570633212673e-02 7.022221827522090226e-05 6.597701149425287070e+00 2.531833699562226592e+00
8.358704646049577858e-02 6.663645268385280900e-05 6.269961977186311763e+00 2.552839082029851880e+00
8.382143415227705230e-02 6.846312793730281276e-05 6.336823734729494007e+00 2.355910410438045499e+00
8.405591962697228636e-02 6.576640212805385805e-05 6.070052539404553471e+00 2.337266785415240022e+00
8.428680641257924044e-02 6.623286801922068177e-05 5.933104631217839042e+00 2.488506749218671654e+00
8.452023012686848968e-02 6.905229191131505512e-05 5.701130856219709386e+00 2.233324614925707774e+00
8.475508438648238219e-02 6.596024294369417270e-05 5.707920792079208105e+00 2.387747153758263519e+00
8.498773362002838561e-02 6.745598113771460842e-05 5.549920760697306221e+00 2.397743067434589648e+00
8.522017358652922425e-02 6.573424789204848628e-05 5.422150882825039986e+00 2.329032504199485487e+00
8.545345635918015492e-02 6.827530828384012593e-05 5.203987730061349737e+00 2.233691276167509621e+00
8.568838710074284937e-02 6.739557208403640777e-05 4.966360856269113278e+00 2.175139736695124615e+00
8.591990562469611903e-02 6.499275358868887781e-05 4.957878315132605351e+00 2.164390793804419566e+00
8.615047449966896365e-02 6.728541472914020762e-05 4.720059880239521277e+00 2.156098181320266427e+00
8.638537494001211070e-02 6.792206805344957186e-05 4.701030927835051720e+00 2.229475297470231876e+00
8.662074503924638291e-02 6.782280238804023608e-05 4.573099415204678664e+00 2.205097141730118171e+00
8.685381778459443092e-02 6.674020065135433848e-05 4.394428152492668715e+00 2.020167110452113057e+00
8.708770284767913816e-02 6.753597429739365476e-05 4.388489208633093774e+00 2.117245530691727495e+00
8.732212221979428202e-02 6.822332096859763445e-05 4.180397727272727515e+00 2.118730687215424791e+00
8.755723433992959603e-02 6.741755499607516103e-05 3.957203994293865712e+00 2.029972742423659771e+00
8.779078654295230377e-02 6.688902566296500132e-05 3.974248927038626533e+00 1.953504876192327711e+00
8.802385785273660057e-02 6.732631344927013264e-05 3.777620396600566366e+00 1.929297022477083345e+00
8.825920820130851718e-02 6.779425408112107370e-05 3.676966292134831615e+00 1.869093398227213987e+00
8.849234674886145846e-02 6.696150027325509799e-05 3.733333333333333393e+00 1.916557196997184187e+00
8.872137438766081186e-02 6.623799103067982519e-05 3.416167664670658688e+00 1.804734938690852442e+00
8.895429543332857014e-02 6.738487815592646569e-05 3.476190476190476275e+00 1.806226278306278132e+00
8.918772016087560262e-02 6.684333251713010609e-05 3.240829346092504171e+00 1.797515385176429392e+00
8.942216213337644826e-02 6.785239281137156507e-05 3.207729468599033851e+00 1.769945288790848226e+00
8.965567864572877854e-02 6.700437258479202294e-05 3.204658901830282680e+00 1.752123320358739189e+00
8.988740917090436156e-02 6.600763457825628208e-05 3.001715265866209403e+00 1.702586066515774377e+00
9.011975323533148730e-02 6.773804127286482647e-05 2.942372881355932002e+00 1.709883062136743792e+00
9.035608288166475932e-02 6.874767433980949428e-05 2.954545454545454586e+00 1.767041732974308665e+00
9.059423529262686237e-02 6.860051062213127538e-05 2.815878378378378510e+00 1.697447717232914322e+00
9.082806409944925441e-02 6.591920751229069322e-05 2.674295774647887480e+00 1.549317781533843918e+00
9.105979902993641129e-02 6.679468897932259346e-05 2.578671328671328755e+00 1.554397361209730377e+00
9.129435639159146076e-02 6.847518630411293563e-05 2.475128644939965650e+00 1.550667699928979903e+00
9.152650281439915492e-02 6.468590151769530185e-05 2.488203266787659018e+00 1.559562461618478224e+00
9.175728164276017451e-02 6.760337681272159235e-05 2.376963350785340268e+00 1.621707500574351535e+00
9.199104812749678284e-02 6.693583434796843623e-05 2.445825932504440470e+00 1.521628274402075931e+00
9.222507569997025201e-02 6.793803912847704170e-05 2.338624338624338606e+00 1.570968287508561767e+00
9.246186654200068411e-02 6.944239987391782215e-05 2.303972366148531847e+00 1.516065284892203824e+00
9.269596921447360860e-02 6.487594269754672440e-05 2.215469613259668513e+00 1.427179942131548973e+00
9.292703616442406223e-02 6.779858569529950100e-05 2.061837455830388688e+00 1.424729548758497666e+00
9.316059594520455234e-02 6.613368773353799079e-05 2.098360655737705027e+00 1.405678624619449479e+00
9.339538772676710121e-02 6.900293928083786957e-05 1.929824561403508776e+00 1.368263598678765680e+00
9.363035783291058511e-02 6.644185014357123227e-05 1.958105646630236896e+00 1.428307707123334991e+00
9.386245806937851266e-02 6.674446860279308080e-05 1.896925858951175492e+00 1.349450159154421902e+00
9.409440198891941276e-02 6.727128699980994470e-05 1.850987432675044841e+00 1.365438319050816807e+00
9.432822867807295897e-02 6.787030890533636790e-05 1.756660746003552376e+00 1.342976720051849426e+00
9.456450311453787339e-02 6.856686819874252005e-05 1.721254355400696934e+00 1.303387406087529676e+00
9.479870037226469093e-02 6.586042330461264486e-05 1.775179856115107979e+00 1.299330667390072858e+00
9.503065075680132423e-02 6.692670173723798215e-05 1.676731793960923644e+00 1.243699516443671049e+00
9.526552764507723037e-02 6.873817835408579122e-05 1.714782608695652133e+00 1.260047708161517344e+00
9.549948238481764662e-02 6.592497101293757838e-05 1.491833030852994568e+00 1.166069827028292982e+00
9.573145469357186021e-02 6.763779021303956466e-05 1.566137566137566051e+00 1.260466571069233099e+00
9.596344353397949500e-02 6.508803650637630216e-05 1.532967032967033072e+00 1.170015779330339623e+00
9.619719815228761073e-02 6.891878545311372979e-05 1.472949389179755597e+00 1.183292405153226756e+00
9.643338477973723011e-02 6.764486940942661787e-05 1.452762923351158753e+00 1.285078897396978892e+00
9.666686513379581236e-02 6.634527000553854632e-05 1.402903811252268707e+00 1.188235020561747790e+00
9.689804830612920583e-02 6.673844817570089385e-05 1.404332129963898890e+00 1.151700935642119727e+00
9.713211530402467153e-02 6.751532973417066546e-05 1.358422939068100410e+00 1.188108519901919014e+00
9.736750905795905908e-02 6.828413715794354373e-05 1.371886120996441250e+00 1.225941200508620987e+00
9.760254220852407347e-02 6.723724816253193984e-05 1.367567567567567588e+00 1.190339329153386583e+00
9.783729966421263191e-02 6.713292727370104079e-05 1.454873646209386306e+00 1.245081815415525206e+00
9.807012441261567237e-02 6.702921340280121982e-05 1.349090909090909118e+00 1.138039491536881442e+00
9.830432198494945539e-02 6.771531372861528232e-05 1.353153153153153099e+00 1.187119410901438910e+00
9.853663875749650580e-02 6.592920559052215760e-05 1.348708487084870900e+00 1.157713426186945282e+00
9.876785373964377945e-02 6.639572360800846391e-05 1.371115173674588572e+00 1.211639720947585319e+00
9.900171307164255807e-02 6.725503490443550815e-05 1.263636363636363669e+00 1.123336235292293317e+00
9.923465994738583928e-02 6.748068345197972770e-05 1.295620437956204407e+00 1.136171305875082194e+00
9.947119774122156755e-02 6.881988242762419612e-05 1.194991055456171791e+00 1.072456399996746024e+00
9.970633280334199877e-02 6.694105292138958260e-05 1.304587155963302658e+00 1.165830899713465429e+00
9.993728249839414768e-02 6.534832822620718473e-05 1.323970037453183535e+00 1.196340513666801941e+00
1.001703666773564594e-01 6.807110521762425154e-05 1.265342960288808660e+00 1.210110780349513693e+00
1.004042664217037195e-01 6.656925648346958700e-05 1.109259259259259167e+00 1.074677352927088547e+00
1.006397678263622197e-01 6.842954627529723277e-05 1.180180180180180116e+00 1.081508924348448808e+00
1.008742614643446667e-01 6.658751459513834290e-05 1.128014842300556486e+00 1.013173883692524146e+00
1.011048192716836602e-01 6.576603880257255797e-05 1.237288135593220373e+00 1.129420783047887511e+00
1.013390231998947122e-01 6.916081345207424958e-05 1.261648745519713177e+00 1.071846405352009812e+00
1.015727676549605663e-01 6.516705286347274908e-05 1.265654648956356709e+00 1.075934793946898393e+00
1.018063810355425147e-01 6.852265857895202593e-05 1.260397830018083143e+00 1.110335392618018169e+00
1.020425928562866541e-01 6.754985595762503701e-05 1.302025782688766009e+00 1.102291099230749305e+00
1.022745336203261940e-01 6.568464132683736977e-05 1.148007590132827271e+00 1.075519745993693155e+00
1.025079986564226969e-01 6.883363629312960503e-05 1.187725631768953072e+00 1.059309989237934291e+00
1.027413231873401389e-01 6.438235018542032870e-05 1.168905950095969315e+00 1.098162120491435578e+00
1.029738054843176154e-01 6.827106302290229681e-05 1.194899817850637591e+00 1.077456205549746304e+00
1.032091814552798248e-01 6.721742881697321279e-05 1.195530726256983201e+00 1.115044240480869586e+00
1.034439824047587719e-01 6.784155240531380992e-05 1.227356746765249529e+00 1.137710575983007288e+00
1.036790446583389369e-01 6.769644679304059084e-05 1.110701107011070166e+00 1.059545118130833519e+00
1.039108473112752701e-01 6.478868293181549987e-05 1.219653179190751446e+00 1.173059165138774285e+00
1.041435991355559865e-01 6.876976636486558856e-05 1.290909090909091006e+00 1.117420287614985019e+00
1.043796853337771446e-01 6.639151268194193886e-05 1.152255639097744311e+00 1.089784717713892404e+00
1.046125879328569097e-01 6.649047237023615630e-05 1.285714285714285809e+00 1.128790309030666350e+00
1.048449497528018554e-01 6.678671360180158550e-05 1.153846153846153744e+00 1.109855611130604380e+00
1.050782436420249349e-01 6.680234379189081782e-05 1.271698113207547109e+00 1.127819042265571614e+00
1.053121578057464591e-01 6.813810244029516923e-05 1.290203327171903780e+00 1.084871842615763526e+00
1.055465828127617189e-01 6.602091647410296903e-05 1.252371916508538963e+00 1.134826393380771625e+00
1.057784850233827734e-01 6.633866725893719138e-05 1.181818181818181879e+00 1.124559907797666458e+00
1.060121054701392146e-01 6.796601729703331872e-05 1.254646840148698983e+00 1.098637234372891625e+00
1.062489964857592228e-01 6.804532742857089987e-05 1.318435754189944076e+00 1.144874353158840563e+00
1.064814477792258851e-01 6.617151051899120408e-05 1.170172084130019163e+00 1.064843058478741389e+00
1.067134525370284776e-01 6.660088521860815184e-05 1.223484848484848397e+00 1.117061445984366630e+00
1.069489685164438514e-01 6.844070374709154171e-05 1.354898336414048110e+00 1.230552539393878098e+00
1.071833396191340243e-01 6.614921031534214753e-05 1.370936902485659692e+00 1.138084985267250770e+00
1.074169666915256866e-01 6.748748480923821868e-05 1.356472795497185801e+00 1.125873970842017568e+00
1.076507130258745892e-01 6.685365476994657339e-05 1.340909090909090828e+00 1.139824276002792347e+00
1.078822248577407661e-01 6.549492787243419399e-05 1.397286821705426396e+00 1.167181631949979259e+00
1.081158030820603549e-01 6.892691260091426855e-05 1.378228782287822973e+00 1.217069046312962977e+00
1.083502519132016478e-01 6.550174513790631484e-05 1.338491295938104342e+00 1.221267466753938713e+00
1.085838887651629364e-01 6.788279140540267611e-05 1.282242990654205661e+00 1.088309631073622885e+00
1.088167529892371671e-01 6.600576014251126192e-05 1.372586872586872619e+00 1.203648989084995069e+00
1.090505526263309127e-01 6.812007346507967362e-05 1.445488721804511378e+00 1.180085906817881503e+00
1.092866482205838569e-01 6.842382848130358576e-05 1.401119402985074647e+00 1.114825841228521908e+00
1.095204794082260541e-01 6.485319910623837047e-05 1.354775828460039078e+00 1.117629047673760478e+00
1.097528862015335477e-01 6.749182814616273797e-05 1.454887218045112673e+00 1.172501487286942368e+00
1.099860225771209649e-01 6.572661825364852677e-05 1.394584139264990252e+00 1.137457393704761399e+00
1.102199794899808571e-01 6.771853003694458301e-05 1.463276836158192040e+00 1.214706783914318411e+00
1.104527673679933375e-01 6.605954367090497955e-05 1.500967117988394550e+00 1.208248955637383881e+00
1.106846995336629863e-01 6.639466551207307780e-05 1.546153846153846212e+00 1.214051118504980931e+00
1.109195593734974006e-01 6.847264593218049594e-05 1.501872659176029856e+00 1.176390722118351606e+00
1.111563010475637298e-01 6.737417664069918785e-05 1.447817836812144154e+00 1.197532891126772414e+00
1.113901732397686445e-01 6.590926552890959188e-05 1.588803088803088848e+00 1.260480282463195989e+00
1.116201801113623215e-01 6.530710990471277541e-05 1.560546875000000000e+00 1.210051969562864871e+00
1.118544392406903287e-01 6.842920462665363923e-05 1.559099437148217637e+00 1.251601201228814242e+00
1.120919882620126512e-01 6.808645466680088396e-05 1.559322033898305149e+00 1.280331199769717765e+00
1.123255119325231172e-01 6.496953905756043762e-05 1.619607843137254921e+00 1.287818895905211702e+00
1.125569423960908616e-01 6.660855058776252613e-05 1.567049808429118674e+00 1.298186405533611421e+00
1.127891651266763745e-01 6.585219533195248219e-05 1.680933852140077844e+00 1.288496005591903026e+00
1.130234059678330849e-01 6.798907267284735661e-05 1.659735349716446207e+00 1.251397780524428294e+00
1.132592717752512051e-01 6.709286710082286605e-05 1.657743785850860352e+00 1.268378378934112760e+00
1.134925261196267493e-01 6.566405257712189627e-05 1.653696498054474606e+00 1.309952677696780476e+00
1.137232837453631684e-01 6.560285114491499190e-05 1.638671875000000000e+00 1.224579781839404413e+00
1.139571109036284086e-01 6.796742105221370610e-05 1.571969696969697017e+00 1.240751483867711391e+00
1.141916071219103018e-01 6.614694266841438333e-05 1.698443579766536926e+00 1.296476216762008971e+00
1.144245089960832934e-01 6.685048664461395486e-05 1.719230769230769340e+00 1.329203725686435522e+00
1.146574952630475680e-01 6.619094374413487093e-05 1.760700389105058328e+00 1.405469338954534742e+00
1.148904160535498264e-01 6.707792820933123690e-05 1.611969111969111967e+00 1.315645209695571527e+00
1.151265174722906764e-01 6.876668888584983865e-05 1.689265536723163930e+00 1.257308636617848085e+00
1.153617816491615961e-01 6.565260628400561250e-05 1.841176470588235192e+00 1.328404963198888344e+00
1.155936763096339220e-01 6.650816827874497729e-05 1.686653771760154630e+00 1.233733279217730461e+00
1.158258315634240476e-01 6.588797587536296874e-05 1.723529411764705976e+00 1.313385967247229225e+00
1.160597319175528663e-01 6.799461765561689208e-05 1.742857142857142883e+00 1.338107100438862496e+00
1.162950314370258531e-01 6.674923210542826858e-05 1.765503875968992276e+00 1.247005306420437831e+00
1.165287100714146457e-01 6.653530395956359987e-05 1.784883720930232620e+00 1.340272864113657425e+00
1.167624675326668082e-01 6.672669288532265567e-05 1.703488372093023173e+00 1.339137470655865858e+00
1.169963813879617426e-01 6.705354536925166775e-05 1.738878143133462340e+00 1.272752258813017789e+00
1.172296699541907350e-01 6.631902832571586392e-05 1.851851851851851860e+00 1.341054102718568286e+00
1.174633317010978645e-01 6.682263370538187562e-05 1.885658914728682189e+00 1.379627192989149043e+00
1.176963758561083428e-01 6.650269296166132736e-05 1.917968750000000000e+00 1.385240739632747520e+00
1.179299254124360069e-01 6.728363660691870959e-05 1.856866537717601462e+00 1.369228693584901180e+00
1.181661083576700799e-01 6.789566897107491888e-05 1.942638623326959912e+00 1.463528435819888562e+00
1.184002669641160965e-01 6.566520377029123803e-05 1.937131630648330161e+00 1.279984454574219388e+00
1.186327021679424165e-01 6.597848618172980106e-05 1.843137254901960675e+00 1.269007731590854782e+00
1.188650719869437794e-01 6.702715015157560143e-05 1.924271844660194075e+00 1.394838525495555537e+00
1.190988067061411609e-01 6.629343627726192692e-05 1.978473581213307186e+00 1.447544437379718607e+00
1.193323897405050432e-01 6.682302270376797710e-05 2.027027027027027195e+00 1.479361654473686949e+00
1.195656510531601519e-01 6.587317906801366991e-05 1.853801169590643338e+00 1.391907052032861802e+00
1.198002489216287991e-01 6.746592986415190997e-05 1.870476190476190403e+00 1.413582316664435901e+00
1.200336589500475559e-01 6.624896294229367234e-05 1.891682785299806602e+00 1.392037260474550786e+00
1.202657768623850848e-01 6.571795768306507403e-05 1.937984496124030898e+00 1.310329777098926174e+00
1.204994510404173019e-01 6.765105501654847969e-05 1.928705440900562840e+00 1.347097158555189855e+00
1.207339951349819807e-01 6.562727713419021691e-05 1.923076923076923128e+00 1.316205322016341217e+00
1.209680956947216668e-01 6.741732215622490954e-05 1.878504672897196359e+00 1.390879039206217582e+00
1.212006880373407286e-01 6.513848631823455568e-05 2.009615384615384581e+00 1.380469219603315700e+00
1.214319994211767589e-01 6.582807741597457144e-05 2.057034220532319324e+00 1.359620003670620303e+00
1.216656057203382851e-01 6.790283688671594779e-05 1.929759704251386321e+00 1.443489193159610107e+00
1.219007843250684425e-01 6.671568653291726767e-05 1.992481203007518742e+00 1.419495307706123643e+00
1.221369572323006136e-01 6.825324584029650993e-05 1.998171846435100596e+00 1.449324588137024028e+00
1.223726009556053707e-01 6.573836356997660114e-05 1.894139886578450005e+00 1.294138285046171566e+00
1.226056442391218609e-01 6.616532013731783344e-05 2.018832391713747842e+00 1.388566785721114361e+00
1.228388051323681396e-01 6.703161226424012367e-05 1.981343283582089443e+00 1.336761217443701799e+00
1.230707296013911628e-01 6.457171094849102578e-05 1.926640926640926565e+00 1.384650406890882701e+00
1.233029183635097059e-01 6.759810128202039419e-05 2.001845018450184366e+00 1.453460052929299140e+00
1.235379854409733719e-01 6.570013406878603220e-05 1.979127134724857795e+00 1.384893782441991128e+00
1.237724597817453503e-01 6.756544521848162354e-05 1.977777777777777857e+00 1.445113805021951192e+00
1.240061498949734248e-01 6.566505030106075010e-05 2.180952380952380754e+00 1.474862690099834728e+00
1.242390821888286201e-01 6.661632460395466447e-05 2.045112781954887105e+00 1.368937356123600457e+00
1.244711632953071079e-01 6.579076840955865762e-05 2.009523809523809490e+00 1.395886408778721943e+00
1.247054517839266963e-01 6.761591240357131126e-05 2.096654275092936892e+00 1.479142869434018071e+00
1.249410059021845570e-01 6.697188855875631079e-05 2.001876172607879756e+00 1.459265537845570337e+00
1.251741761334562164e-01 6.583601426366064431e-05 1.922053231939163442e+00 1.349359963573662835e+00
1.254072382360083560e-01 6.640543300240981869e-05 1.818867924528301927e+00 1.275627990870738193e+00
1.256410482936734796e-01 6.683584359234039823e-05 1.853383458646616466e+00 1.395762446417405434e+00
1.258745257397245465e-01 6.611238233520655145e-05 2.152091254752851679e+00 1.505367324319973221e+00
1.261080103941889519e-01 6.690937462473420770e-05 2.001876172607879756e+00 1.414876734068337916e+00
1.263406670927800235e-01 6.522594346067754308e-05 2.195777351247600873e+00 1.515262396288046265e+00
1.265732414590826360e-01 6.685572305932845820e-05 2.082862523540489619e+00 1.422470273462570045e+00
1.268080548800749052e-01 6.733690508414850442e-05 2.009363295880149725e+00 1.452727350309745535e+00
1.270422367608540493e-01 6.597699196562882616e-05 1.971428571428571530e+00 1.439935750645281232e+00
1.272759152751854195e-01 6.689135984813015558e-05 2.041353383458646586e+00 1.386787532275764123e+00
1.275094590884037760e-01 6.604831116682244026e-05 1.994274809160305306e+00 1.425622335804518359e+00
1.277431018946701968e-01 6.733257125615095616e-05 2.097744360902255689e+00 1.406894301084757881e+00
1.279782552164440979e-01 6.710085433560373114e-05 2.039473684210526105e+00 1.445898091176302858e+00
1.282131041449612319e-01 6.621149459998993162e-05 2.009469696969696795e+00 1.418867800617452435e+00
1.284458066838963242e-01 6.548314267397141550e-05 1.998084291187739447e+00 1.380624108263625693e+00
1.286783609577602794e-01 6.654865817496632442e-05 2.049242424242424310e+00 1.422738063501856498e+00
1.289128241661116614e-01 6.697900382933094643e-05 1.962264150943396235e+00 1.341083444823915727e+00
1.291446660323967432e-01 6.835636986838949068e-05 1.882716049382715973e+00 1.389405482345154930e+00
1.293786085608263359e-01 6.605676840398337884e-05 1.924485125858123480e+00 1.416180196325641738e+00
1.296108774202269776e-01 6.783588626387897994e-05 2.004728132387706641e+00 1.284564916884993524e+00
1.298443923619162221e-01 6.722079102470935436e-05 2.020000000000000018e+00 1.335907930959316703e+00
1.300782666066699345e-01 6.749263575799763530e-05 2.023316062176165886e+00 1.458238584982614716e+00
1.303119143017006376e-01 6.684139813301355590e-05 1.961852861035422446e+00 1.319965932302855860e+00
1.305459241900186751e-01 6.810036271421107158e-05 1.902234636871508400e+00 1.409743079456842629e+00
1.307796783027228849e-01 6.720238230322061351e-05 1.888235294117647012e+00 1.424203778040237234e+00
1.310139024467842916e-01 6.790776888182086793e-05 2.087087087087087234e+00 1.485224082507397458e+00
1.312472894800687517e-01 6.625173267803912932e-05 1.968152866242038224e+00 1.530631693342501043e+00
1.314776668789590652e-01 6.618039329338910079e-05 2.066225165562913801e+00 1.476910281516796930e+00
1.317137024266215872e-01 7.043903276921694031e-05 1.850793650793650880e+00 1.325977441497036891e+00
1.319503540721679857e-01 6.642835643525359449e-05 2.054607508532423132e+00 1.502195080304203012e+00
1.321828723734352895e-01 6.718390404847075217e-05 1.771331058020477744e+00 1.310824600363998504e+00
1.324147834979462757e-01 6.603244305163348776e-05 1.861702127659574435e+00 1.351998894605886958e+00
1.326480411947886795e-01 6.877844789332857034e-05 1.909722222222222321e+00 1.306451007926097363e+00
1.328820802110143862e-01 6.636907368294008079e-05 1.894160583941605802e+00 1.292630455541005530e+00
1.331148138063605602e-01 6.785609440944978998e-05 1.800724637681159424e+00 1.359135194603788177e+00
1.333495643154704868e-01 6.741119029024297674e-05 1.933333333333333348e+00 1.339891279908675958e+00
1.335835372037798285e-01 6.759745300131219899e-05 1.773584905660377409e+00 1.300491458983050519e+00
1.338176466306949530e-01 6.831218422516185137e-05 1.973484848484848397e+00 1.480668203461520616e+00
1.340512797922887300e-01 6.599048480043925120e-05 1.944881889763779625e+00 1.387760372599572190e+00
1.342814461297319739e-01 6.559979566974010292e-05 1.733870967741935498e+00 1.257508665458999753e+00
1.345160483007357966e-01 6.963532972159798605e-05 1.852140077821011754e+00 1.266499607953197160e+00
1.347536796152505323e-01 6.810829448341578071e-05 1.510121457489878471e+00 1.185668157202132811e+00
1.349871276635005723e-01 6.677996814749840085e-05 1.804166666666666696e+00 1.365650028374765679e+00
1.352194676899014514e-01 6.661700689138378795e-05 1.797468354430379778e+00 1.331342315183694724e+00
1.354521481550482465e-01 6.703309091722472405e-05 1.944206008583690970e+00 1.497091434904445517e+00
1.356860453582514059e-01 6.856354300475121723e-05 1.636752136752136710e+00 1.239935006155603592e+00
1.359211357373890650e-01 6.716967141125949588e-05 1.731277533039647487e+00 1.273828747763045888e+00
1.361540064088500035e-01 6.678503458520554067e-05 1.726457399103139112e+00 1.342710528697906858e+00
1.363867967184397567e-01 6.692559243115627019e-05 1.776255707762557146e+00 1.309977143284388523e+00
1.366219029817275776e-01 6.946138516611432591e-05 1.635135135135135087e+00 1.289390318040708028e+00
1.368567259414371073e-01 6.686962625770076724e-05 1.674528301886792470e+00 1.209664270303712374e+00
1.370879062713149799e-01 6.563798020853460155e-05 1.690821256038647302e+00 1.372439876885071630e+00
1.373197126983267125e-01 6.725671536427617889e-05 1.719806763285024243e+00 1.314116221879865654e+00
1.375555620768925402e-01 6.925260661464505163e-05 1.813397129186602896e+00 1.344020756930351945e+00
1.377899351687938978e-01 6.618070308676317348e-05 1.644670050761421365e+00 1.193832657550383702e+00
1.380219266012210066e-01 6.752809196460790695e-05 1.608040201005025205e+00 1.339457581433352029e+00
1.382545611228954419e-01 6.572577943118536358e-05 1.785340314136125706e+00 1.334174830168075809e+00
1.384888270319775960e-01 6.920592491137856391e-05 1.510204081632652962e+00 1.192000967158147295e+00
1.387251204069650523e-01 6.776599831776989474e-05 1.502645502645502562e+00 1.137972119016011918e+00
1.389591668919520073e-01 6.693609892524315735e-05 1.540540540540540571e+00 1.193419992418985665e+00
1.391904057199591371e-01 6.569416018844522961e-05 1.603351955307262600e+00 1.282545785350466039e+00
1.394227790925808841e-01 6.774421325864447493e-05 1.583333333333333259e+00 1.204928152153418974e+00
1.396572113000431603e-01 6.854202640791657957e-05 1.516853932584269593e+00 1.208505187111057477e+00
1.398913498476041517e-01 6.688348527294887597e-05 1.583815028901734090e+00 1.293868370050191619e+00
1.401247906031993506e-01 6.646051683429370267e-05 1.435294117647058831e+00 1.156118072058297086e+00
1.403591895729549288e-01 6.805811419343037823e-05 1.656804733727810675e+00 1.304864542812167238e+00
1.405953485464094266e-01 6.905228462272873535e-05 1.511904761904761862e+00 1.158529690203881080e+00
1.408299829100064793e-01 6.644350311483485528e-05 1.481249999999999956e+00 1.122009915285956838e+00
1.410591665228413116e-01 6.501076246847150089e-05 1.690322580645161388e+00 1.256790090645963476e+00
1.412893301143412494e-01 6.674759269244742439e-05 1.567741935483870863e+00 1.333456463270580983e+00
1.415237124881587039e-01 6.927971403152424041e-05 1.394904458598726027e+00 1.085253875682815394e+00
1.417608398927272528e-01 6.767011984472880734e-05 1.546052631578947345e+00 1.275331959392611125e+00
1.419948711733081126e-01 6.643728084900887214e-05 1.401360544217687076e+00 1.102628549080533649e+00
1.422257950142377936e-01 6.614300048882033553e-05 1.678321678321678334e+00 1.237189231675113632e+00
1.424611599372695714e-01 6.976859826068063314e-05 1.408163265306122458e+00 1.157402579162188028e+00
1.426969880138435620e-01 6.713456917550140600e-05 1.553956834532374209e+00 1.308245242930913488e+00
1.429290483303200521e-01 6.598668785333661462e-05 1.514705882352941124e+00 1.155184267570122936e+00
1.431615992067113707e-01 6.674925674210528508e-05 1.395522388059701413e+00 1.117809811543449161e+00
1.433977864542690939e-01 6.958273395422789138e-05 1.330882352941176405e+00 1.109587815861036386e+00
1.436356797294852938e-01 6.762859419149515740e-05 1.276923076923076827e+00 1.161258244344974599e+00
1.438647788032675900e-01 6.395074090213278628e-05 1.512396694214876103e+00 1.322856293779051784e+00
1.440939223050132778e-01 6.721088340672915884e-05 1.312000000000000055e+00 1.159806880476227819e+00
1.443302270800670972e-01 6.810715064994765275e-05 1.284552845528455389e+00 1.120123408024096712e+00
1.445647386873331885e-01 6.765147823845471715e-05 1.352941176470588314e+00 1.109657422208040423e+00
1.448001674656267668e-01 6.812041505588835896e-05 1.652542372881355970e+00 1.173170337672691410e+00
1.450305141697986189e-01 6.417457142913943864e-05 1.302752293577981613e+00 1.041839968189238963e+00
1.452619539705164164e-01 6.860711380950888425e-05 1.350877192982456121e+00 1.005754449618322166e+00
1.454988966656826088e-01 6.757751339465679083e-05 1.422018348623853123e+00 1.211599800369828284e+00
1.457319267282644326e-01 6.746225896059649557e-05 1.367924528301886822e+00 1.189652192411985387e+00
1.459689564871680389e-01 6.919146774834719811e-05 1.476635514018691531e+00 1.128095841271506972e+00
1.462029517945844237e-01 6.518587451146425451e-05 1.326530612244897878e+00 1.164428348057219953e+00
1.464348845068329241e-01 6.893025110561780433e-05 1.287128712871287162e+00 1.297218639401978235e+00
1.466710325229612644e-01 6.703672746630305742e-05 1.239583333333333259e+00 1.202121244347303941e+00
1.469003469776316018e-01 6.495976429229445050e-05 1.340659340659340559e+00 1.118182492036483566e+00
1.471326263642964982e-01 6.784892292542188277e-05 1.043010752688172005e+00 9.884873190996492642e-01
1.473683745226096187e-01 6.734190408583911583e-05 9.775280898876403946e-01 8.672090339980885743e-01
1.476018743975685277e-01 6.760693685313507080e-05 1.287356321839080442e+00 1.078011410362607281e+00
1.478377306130267688e-01 6.772451548086767131e-05 1.423529411764705932e+00 1.320322913213167970e+00
1.480669483097254435e-01 6.431970194966852195e-05 1.256410256410256387e+00 1.220173406803022775e+00
1.482973419064994303e-01 6.861360276277018620e-05 1.271604938271605034e+00 1.061656615431787021e+00
1.485364113895124294e-01 6.936560494550093024e-05 1.139240506329114000e+00 1.010123409785316673e+00
1.487716162219679672e-01 6.677093946461412058e-05 9.054054054054053724e-01 9.948736388814031217e-01
1.490077522787839059e-01 6.871676643346850033e-05 1.081081081081081141e+00 9.342911360780333796e-01
1.492393961896789634e-01 6.506416229580026540e-05 1.223880597014925353e+00 9.989970466078510469e-01
1.494701913811684602e-01 6.907736733736162202e-05 1.202898550724637694e+00 1.065685591672448584e+00
1.497045353405743462e-01 6.634691779689233710e-05 9.062500000000000000e-01 9.382809247501519012e-01
1.499337638884900847e-01 6.630672807533855592e-05 7.903225806451612545e-01 8.895859505250116595e-01
1.501708286181911156e-01 6.972377942578611605e-05 1.174603174603174649e+00 1.142636663035884625e+00
1.504045133699344061e-01 6.505456575143086920e-05 1.285714285714285809e+00 1.155068687771158897e+00
1.506393971018608890e-01 7.070153912039902559e-05 1.000000000000000000e+00 9.477895783061568435e-01
1.508747560046925229e-01 6.361798606692725948e-05 1.549019607843137303e+00 1.121767430618651362e+00
1.511033451723478305e-01 6.822425875258773191e-05 9.807692307692307265e-01 1.018686356780694302e+00
1.513430592404528541e-01 6.953071659907809779e-05 1.117647058823529438e+00 9.742947646121447036e-01
1.515751618564359637e-01 6.342734358875888579e-05 1.250000000000000000e+00 1.039011768242041889e+00
1.518045724547506525e-01 6.938126820492401424e-05 1.260869565217391353e+00 1.064551699712633859e+00
1.520480234761667215e-01 6.976967995741814512e-05 1.045454545454545414e+00 9.880484145129161400e-01
1.522777008011769462e-01 6.272216552833166940e-05 1.054054054054053946e+00 8.211058124845034278e-01
1.525061322319957446e-01 6.929360622917626303e-05 1.102564102564102644e+00 9.699630933014224965e-01
1.527427011500204213e-01 6.666422581467422144e-05 6.571428571428571397e-01 6.446008098673415843e-01
1.529726548169981215e-01 6.665749530051660659e-05 7.272727272727272929e-01 9.418345616921242058e-01
1.532134048917648539e-01 7.071407902998622368e-05 1.090909090909090828e+00 1.012320793241822336e+00
1.534434790603389775e-01 6.011232516833131041e-05 8.846153846153845812e-01 9.910845174403942748e-01
1.536710418380370924e-01 6.976616835160736295e-05 8.571428571428570953e-01 8.511696634152130514e-01
1.539149550629408947e-01 6.925196045819559246e-05 1.080000000000000071e+00 1.112115101956627328e+00
1.541445478244997391e-01 6.478862577215637321e-05 8.095238095238095344e-01 1.024639751969048218e+00
1.543780235396354228e-01 7.053413531437874686e-05 7.142857142857143016e-01 8.451542547285164630e-01
1.546059873932826012e-01 5.909742656752603256e-05 8.125000000000000000e-01 9.100137361600647568e-01
1.548370283320493757e-01 7.086429496304842972e-05 7.058823529411765163e-01 8.483650059915268660e-01
1.550799786572540917e-01 6.540043890405022008e-05 1.615384615384615419e+00 1.321197233639820556e+00
1.553036635055988490e-01 6.758474544596143726e-05 4.545454545454545303e-01 5.378254348272377694e-01
1.555456416189227586e-01 7.341490814454251594e-05 4.000000000000000222e-01 8.246211251235322504e-01
1.557790343018141677e-01 5.399834121423047510e-05 1.666666666666666574e-01 4.082482904638630172e-01
1.559999688717171595e-01 6.566134794291481655e-05 0.000000000000000000e+00 0.000000000000000000e+00
1.562567987100282052e-01 8.033505465450464550e-05 0.000000000000000000e+00 0.000000000000000000e+00
